0 29.126506609591978 30.64669862663264 44.059925966007285 45.69801027419311 8 1144 29.88660261811231 44.8789681201002
1 74.2333254261022 84.81853288432569 57.311130081990115 60.78934145395355 6 984 79.52592915521394 59.05023576797183
2 52.100400400553134 55.901314707559564 42.316403943535754 43.914987662599046 0 21 54.00085755405635 43.115695803067396
3 55.16291346294905 60.14591032605192 52.08585429514677 60.37506004935917 9 1409 57.654411894500484 56.23045717225297
4 80.02114301135845 81.74756821567672 91.70256450888151 92.61775811329235 2 352 80.88435561351758 92.16016131108694
5 56.918121634140434 60.21365229386139 23.199845900633278 23.558539297415145 8 1262 58.56588696400091 23.37919259902421
6 44.12193752866222 44.467402914458305 69.99553127023546 71.99996932582508 1 246 44.29467022156027 70.99775029803027
7 50.78998913420765 52.188644116086586 78.74781776349046 79.96421385372798 0 90 51.48931662514712 79.35601580860921
8 102.62799882369794 104.91809577629375 80.43912093023962 87.36145824536072 1 184 103.77304729999585 83.90028958780017
9 82.25815926159045 82.52481480393274 50.516849744406905 52.46768387123203 2 380 82.3914870327616 51.49226680781947
10 64.70381972892153 71.5224530362748 34.092987437489064 34.746226137747136 2 368 68.11313638259816 34.4196067876181
11 40.56838615544209 45.70036159922866 107.32377199266546 108.06263372282488 3 483 43.13437387733538 107.69320285774518
12 57.645387006483446 61.142306512058596 22.80916585279079 23.20652255680435 3 557 59.39384675927102 23.00784420479757
13 80.10033736364927 81.38845140850415 27.98539223079308 30.83193410113825 3 491 80.74439438607672 29.408663165965663
14 8.137923618082723 15.588006865655606 104.11821653744933 117.12297624730174 6 879 11.862965241869166 110.62059639237553
15 20.61592829602651 23.910471245061846 59.697761107227585 60.632146361917805 6 978 22.263199770544176 60.16495373457269
16 10.636708449043628 15.080633747659194 27.5563405056118 30.62994500807736 1 143 12.858671098351412 29.09314275684458
17 96.2317150829945 97.01977907320344 88.11699865888745 90.84241257049169 7 1102 96.62574707809897 89.47970561468958
18 96.49911927816004 98.11257292571064 70.68351376287512 76.38071920197142 4 682 97.30584610193534 73.53211648242328
19 14.699207244032735 17.844302612375202 59.994556367211 63.03904595570181 7 1115 16.27175492820397 61.5168011614564
20 12.838955051424765 19.000792871970816 74.70099330619898 75.61806228226635 4 609 15.91987396169779 75.15952779423267
21 40.31225886025464 40.5211377135618 48.96763471616839 51.807859029775656 7 1010 40.416698286908215 50.38774687297202
22 51.45979320250027 52.25065640636302 34.68608687433086 35.352473557818506 3 441 51.85522480443164 35.019280216074684
23 100.17226459521545 107.75170539518084 48.5572919312484 49.40999691910733 1 188 103.96198499519815 48.983644425177864
24 22.853263911297503 23.642387533450268 101.12426793802939 104.71054910463073 6 897 23.247825722373886 102.91740852133006
25 25.5227040641368 37.71873493541946 57.84617163214927 58.81131979153529 1 274 31.620719499778133 58.32874571184228
26 48.845149748283134 55.64200512269788 41.613643284252284 41.71245460751347 1 160 52.24357743549051 41.66304894588288
27 34.44621023302243 39.978506263974275 23.076142187359157 23.254393585255464 1 170 37.21235824849835 23.165267886307312
28 103.87429483279546 104.53152545370342 64.53023429157541 71.184825724717 6 895 104.20291014324944 67.8575300081462
29 96.15235987527035 99.61133848645812 97.03784194458646 98.75868006297053 3 535 97.88184918086424 97.89826100377849
30 73.05737708733568 73.42930749171921 92.56847647061535 95.90017651883176 8 1201 73.24334228952745 94.23432649472355
31 49.39782909122442 53.74361102426765 104.4923905787205 107.59539469188165 6 909 51.57072005774604 106.04389263530108
32 101.44829884370114 104.44374870685226 50.36583594278037 52.132895143944936 7 1034 102.9460237752767 51.24936554336266
33 95.26545657539742 99.61537872667908 12.558282287059843 17.850981377019103 4 614 97.44041765103825 15.204631832039473
34 89.64815434859115 95.90000458853864 24.687683636544083 30.871602850438098 9 1334 92.77407946856489 27.77964324349109
35 80.12814923620581 82.28551401462892 92.04589722389512 93.37848791239502 7 1057 81.20683162541737 92.71219256814507
36 49.435097073292305 55.98095791215709 14.076988502448879 14.493513987190621 7 997 52.708027492724696 14.28525124481975
37 36.15440789453928 38.43710226983628 26.047672213921057 30.039037799455745 3 435 37.29575508218778 28.0433550066884
38 43.53185265745931 46.94946702135712 48.59669962174167 50.029220630934276 0 24 45.24065983940822 49.31296012633797
39 49.867906489605524 50.52386908298893 34.74507251179841 37.581995666885746 9 1287 50.19588778629723 36.16353408934208
40 96.14441766488666 97.06834301318841 40.286499920621566 43.673802118423104 5 821 96.60638033903754 41.98015101952234
41 11.51786325259507 16.75231292205819 35.08816009250375 38.43715722453439 5 708 14.135088087326631 36.76265865851907
42 80.83124677214431 82.34647689948885 22.085648516385437 22.99618982997969 0 119 81.58886183581657 22.540919173182566
43 42.755150435180575 46.08671134376389 52.334533154370256 52.79946156835768 4 589 44.42093088947223 52.56699736136397
44 24.427080973064832 26.509294164274124 64.24541809976502 71.24847419016446 5 789 25.468187568669478 67.74694614496474
45 48.0275885072764 53.319459010911075 78.8092687019186 79.3360405865372 1 231 50.67352375909374 79.0726546442279
46 11.832397114108915 14.560116768118569 37.059280580219635 38.566662356084585 0 3 13.196256941113742 37.812971468152114
47 36.846783315413894 42.83190682990021 58.95438627689948 60.456685234726336 0 133 39.83934507265705 59.7055357558129
48 13.442205311653407 17.08696333534158 57.283177952290465 59.43278927235513 8 1256 15.264584323497493 58.3579836123228
49 92.31186574406358 92.82518394543543 40.99893086561297 45.17703167799668 4 644 92.5685248447495 43.08798127180482
50 27.59595924246615 29.90534393643475 45.548411578763634 46.30875971353454 2 298 28.75065158945045 45.92858564614909
51 41.17788225304542 45.9625039427157 102.42808058174847 104.85316983194788 4 624 43.57019309788056 103.64062520684817
52 42.79980317033586 46.49964705229514 68.33084308744628 69.05771878924502 9 1374 44.649725111315504 68.69428093834566
53 101.93695474684952 106.8504739630573 80.00069216300378 80.1491457205457 2 325 104.3937143549534 80.07491894177474
54 102.16653566182923 102.48585631841819 94.63064122583827 99.60388285146169 8 1165 102.32619599012371 97.11726203864998
55 81.79803549804431 85.21991649582935 51.95962511183829 51.97137318236391 7 1085 83.50897599693684 51.9654991471011
56 98.59976807778685 99.89047641873704 46.11061371121241 54.089864188062066 5 821 99.24512224826194 50.10023894963724
57 43.74097232305644 44.70063898447079 98.85866354297141 99.91628245826507 4 687 44.22080565376362 99.38747300061824
58 82.06427395633972 82.38897156471008 28.958976394542887 31.71890405584839 6 914 82.22662276052489 30.33894022519564
59 21.3137812300837 23.258733183058904 47.39781218742385 48.72580048308246 5 733 22.2862572065713 48.06180633525315
60 10.383127524097345 15.538780079527378 75.11137463482996 77.98615692333694 9 1314 12.960953801812362 76.54876577908345
61 51.41372517546871 53.558629886200485 78.851585979276 79.39359647648037 9 1359 52.486177530834595 79.12259122787819
62 64.28230250396281 65.11318691517796 75.54491436085316 76.1375304771285 9 1366 64.69774470957039 75.84122241899082
63 48.73436155885237 54.34535185774983 25.59275032722243 31.52715924013849 4 578 51.5398567083011 28.55995478368046
64 75.87513659553142 79.91154268802948 93.4241521851505 94.81649085276032 2 355 77.89333964178044 94.12032151895542
65 69.5105233030194 71.10590379935307 80.56915678037478 86.05630517296383 4 652 70.30821355118624 83.31273097666931
66 17.05269799594182 18.37840409564459 42.834790648579386 44.9902249883357 9 1273 17.715551045793205 43.91250781845754
67 100.5155536859778 105.33949339033408 32.206565011268324 34.86742939660512 3 464 102.92752353815595 33.53699720393672
68 40.30195804906643 46.55473059904564 29.479559553223176 31.10997139757277 6 859 43.428344324056035 30.294765475397973
69 36.648236012495346 39.946103085437514 49.840981786689284 53.38963368719962 2 304 38.29716954896643 51.61530773694445
70 78.74043927003615 79.55563530747231 69.9443108607943 70.41987379081827 5 808 79.14803728875424 70.18209232580628
71 94.39257940866355 97.01343926448686 10.694627076786695 18.378945029198 2 332 95.7030093365752 14.536786052992348
72 100.74756287250923 104.78094462416516 26.438056025906587 29.774372417055144 0 38 102.7642537483372 28.106214221480865
73 76.42055062224887 77.30600500195816 91.1369854100467 91.74334823836422 6 919 76.86327781210352 91.44016682420546
74 41.28732011906548 41.43679779493756 68.83106408318089 68.84249962222572 6 948 41.36205895700152 68.8367818527033
75 54.73513228747977 54.76039710352832 43.24433499751122 47.63813354459126 4 585 54.747764695504046 45.44123427105124
76 101.15995916222809 109.09725570359427 90.5179810243726 92.6981804542487 3 463 105.12860743291118 91.60808073931065
77 20.496879539173868 24.59751743266629 101.78205880322659 103.63641434986397 4 615 22.547198485920077 102.70923657654528
78 83.41562152432928 90.51007787480253 58.444371020633405 61.52372705570034 7 1125 86.96284969956591 59.98404903816687
79 66.06124555213415 66.09128373503447 38.6193485957383 39.964059047059685 5 791 66.07626464358431 39.291703821399
80 95.44439574426023 97.01995024424137 17.74806180278272 19.373207256420955 7 1037 96.2321729942508 18.560634529601835
81 81.7356885461378 85.95758024291001 100.07277049107479 102.09845422762328 5 763 83.8466343945239 101.08561235934903
82 17.242945509111202 18.807747857633576 20.086244633136907 20.087434376505 5 706 18.02534668337239 20.086839504820954
83 84.5251390313232 87.3905161240904 78.5066560129393 86.8729349280537 0 127 85.95782757770681 82.6897954704965
84 78.50384080366764 78.95385679746923 64.77271768679545 68.89696904874275 9 1372 78.72884880056844 66.8348433677691
85 60.88721926213725 64.91465813415783 67.06380817959015 70.83302780454687 3 563 62.90093869814754 68.94841799206851
86 49.79678528450154 51.55394847440431 101.89928530796938 105.87871074946887 1 204 50.67536687945292 103.88899802871913
87 12.907975817447301 19.28153014360714 23.901175240323703 24.518304866911258 0 1 16.09475298052722 24.20974005361748
88 26.66197070036634 30.318228700983095 33.83073877394981 38.602593240525934 5 720 28.49009970067472 36.216666007237876
89 104.39435932876631 110.82505862536966 2.7764441806791607 16.97387032851759 9 1301 107.60970897706798 9.875157254598376
90 83.54273204133095 85.87590009580887 88.6343050496846 94.04676279568731 5 775 84.7093160685699 91.34053392268595
91 41.909109892788166 42.96103664466794 91.37654962940574 95.05235713350635 3 495 42.435073268728054 93.21445338145605
92 88.42955712848868 91.26292984048627 12.795813431908625 16.86723439233159 6 899 89.84624348448747 14.831523912120108
93 68.16842473238167 71.07843295756685 90.86540622790623 91.41169276899792 2 358 69.62342884497426 91.13854949845208
94 42.49128107392648 46.136850826331404 92.73138612929974 93.52389784548008 8 1200 44.31406595012894 93.12764198738991
95 73.90527742748421 78.76760792485243 90.060211053941 91.47974073822907 1 214 76.33644267616832 90.76997589608504
96 36.22420898220104 38.78507290349376 103.19667161490493 103.74149871325916 2 339 37.5046409428474 103.46908516408205
97 32.92725860028773 35.34731523879024 66.3032569751283 70.7200638727695 6 945 34.13728691953898 68.51166042394891
98 22.227972703014647 22.989497440479212 56.1613800873321 61.21650131297114 1 273 22.608735071746928 58.68894070015162
99 22.034062672730972 25.066317019798575 100.87724639451773 103.83793049371666 0 51 23.55018984626477 102.3575884441172
100 20.990288419745195 23.592724482465968 105.76438060598991 107.45596096688757 5 756 22.291506451105583 106.61017078643874
101 52.40570617959126 55.03545943873333 89.7691185288553 95.02755352123835 9 1344 53.720582809162295 92.39833602504683
102 79.02935520366827 79.92889682321558 52.82170328456937 53.48246699794253 6 947 79.47912601344193 53.15208514125595
103 22.468724684201902 25.067694865019178 10.99100997094138 13.606560425826933 6 852 23.76820977461054 12.298785198384156
104 14.922758752818375 16.913410088404568 29.5573789557371 31.2260724547954 5 707 15.918084420611471 30.39172570526625
105 73.3630403558843 80.94252539200527 61.88831921552973 63.751811933797285 8 1266 77.15278287394477 62.8200655746635
106 64.55210519087021 72.30965358863023 96.01031909198622 96.30261882393853 3 547 68.43087938975022 96.15646895796237
107 3.6134215047574125 14.335816871939366 112.68435940866213 118.81944216601312 7 1020 8.97461918834839 115.75190078733763
108 100.26243288525784 100.64926137366182 43.03886546310192 44.885731687946 4 608 100.45584712945983 43.96229857552396
109 49.77420104202993 52.856098780596625 78.31574175122526 78.50012565539436 3 513 51.31514991131328 78.40793370330981
110 76.0955355530557 78.41735260891855 13.307028808141972 15.464730170840237 6 905 77.25644408098712 14.385879489491105
111 25.901972537394915 29.285552363982454 26.622353126796497 30.655711264337235 4 575 27.593762450688686 28.639032195566866
112 68.73640255168374 70.89171879936484 77.33653500453869 77.89484209500817 8 1222 69.81406067552429 77.61568854977344
113 40.18772016175306 43.50904008997211 13.36427223496607 16.048181935607793 4 573 41.84838012586259 14.706227085286931
114 101.44772692526838 108.61336379536657 27.193913245729963 27.83087210958225 0 38 105.03054536031748 27.512392677656106
115 18.78013612807878 19.655763085140205 30.2767578340231 31.48316225545251 1 143 19.217949606609494 30.879960044737807
116 54.81958724334751 55.17188429165104 42.58408228835163 44.43692494772029 1 162 54.995735767499276 43.51050361803596
117 10.686792910124703 15.96211593183892 33.73221562673594 36.37168888682794 6 849 13.324454420981812 35.051952256781945
118 42.99922942725806 43.42604913841506 104.09654894256353 108.22370111347422 6 906 43.21263928283656 106.16012502801888
119 40.51322122775821 47.926209845649645 104.76239269195044 105.87111959863174 3 483 44.21971553670393 105.3167561452911
120 48.24997103090182 55.473580455143065 100.21493171282467 100.25906068107041 7 1050 51.86177574302244 100.23699619694753
121 25.266058741814824 28.240810510841612 26.96148691893145 31.61257930966614 6 857 26.753434626328218 29.287033114298794
122 42.3864556875664 47.35646591469954 100.28855719368731 100.78956596353667 7 1047 44.87146080113297 100.53906157861199
123 82.75827340175663 94.46444139361961 61.13671702752782 61.37388202420483 7 1125 88.61135739768812 61.25529952586633
124 58.565790404341975 61.926566090496834 43.69471709402717 44.49777593146315 6 981 60.24617824741941 44.09624651274516
125 75.44125557525295 80.05609153736215 57.98139954836664 59.82367303942189 3 561 77.74867355630755 58.902536293894265
126 93.80608624816847 94.4340317961861 82.77706777743708 87.92046939260698 8 1207 94.12005902217729 85.34876858502203
127 51.685544315734035 54.96639887672032 22.32410324887262 23.861863440122963 6 876 53.32597159622718 23.092983344497792
128 101.31548432949005 106.42503940861604 88.01491504006331 91.82726008259283 1 181 103.87026186905305 89.92108756132808
129 90.35696624786837 94.12802245892101 27.242860553892744 29.761654338708464 3 488 92.24249435339469 28.502257446300604
130 75.46891141063514 79.28895989459942 29.33026056373339 31.89556338465721 8 1199 77.37893565261729 30.6129119741953
131 20.439290152569654 23.68587277104841 21.623434430272745 22.516416939804262 9 1295 22.06258146180903 22.069925685038505
132 105.77621101175143 109.57737989007865 108.15426720486596 110.94220858475227 7 1021 107.67679545091504 109.54823789480912
133 53.2210859156928 55.00569079836387 107.08276544424973 107.71518018306493 5 768 54.113388357028334 107.39897281365734
134 49.22476941710644 55.810106467445095 103.8084975531245 109.00556518841194 4 627 52.51743794227576 106.40703137076821
135 75.72319571924304 77.61370857136815 66.71132823413527 67.24264680810504 8 1237 76.6684521453056 66.97698752112015
136 27.30322285783802 27.805804422369498 47.15558962166999 47.672522746610426 9 1285 27.554513640103757 47.41405618414021
137 59.85956672804956 63.014732972014556 22.508425178579127 23.323301315246006 2 416 61.43714985003206 22.915863246912565
138 35.71932630512186 38.653303839416594 12.03657531131081 16.750404859400966 4 572 37.186315072269224 14.393490085355888
139 65.92472729206632 68.65161256754273 81.71383984317217 84.50855217614209 7 1075 67.28816992980452 83.11119600965714
140 15.806230493556628 17.10055156520194 101.03434856453602 118.66590569135144 4 597 16.453391029379283 109.85012712794372
141 3.4374791168945196 17.133183056030347 108.59759231212105 112.12277546374514 7 1020 10.285331086462433 110.36018388793309
142 102.94634656442523 105.02608360640093 64.60964005010004 65.768767143828 0 49 103.98621508541308 65.18920359696402
143 52.1335822449457 55.62201116688984 92.78629184041372 95.78021158586942 5 780 53.877796705917774 94.28325171314157
144 88.29011528394197 94.87464016964786 40.90340977932453 44.84435308356465 6 926 91.58237772679492 42.87388143144459
145 76.99393537365646 78.69622844554736 92.82495895444328 95.56120043634296 8 1201 77.8450819096019 94.19307969539312
146 84.32308354520057 84.86012439602959 55.19183191568216 55.63996845196531 5 803 84.59160397061508 55.41590018382374
147 73.53888167863114 76.95245559305951 69.92084030550625 71.47812011990388 4 670 75.24566863584533 70.69948021270505
148 95.91697137245492 97.74600010081045 107.00852739831062 107.04597982765505 5 757 96.83148573663269 107.02725361298283
149 50.267239267176265 51.681524071726734 78.12037938582449 79.40411707577691 2 372 50.9743816694515 78.76224823080071
150 13.566899604365634 15.005641366273984 81.47756915469097 87.76577977985312 8 1170 14.28627048531981 84.62167446727204
151 25.31002313832641 30.22033694946421 80.42613162217961 80.75721676271641 0 78 27.76518004389531 80.59167419244801
152 72.89126530912652 76.25524551936682 69.75517502585252 70.0007964307625 9 1375 74.57325541424667 69.87798572830752
153 49.049267194086326 50.66913542101896 43.67372031674161 47.19419508654233 7 1007 49.85920130755264 45.43395770164197
154 92.92436574261761 93.70514060954902 29.75785357717805 30.42614931886392 7 1052 93.31475317608331 30.092001448020987
155 25.31478432446533 27.637847455173898 48.37751439307527 52.992225167347925 6 863 26.476315889819613 50.6848697802116
156 72.81725255535991 77.70049626668136 50.89808246476791 51.081266058107204 5 809 75.25887441102063 50.98967426143756
157 89.24025013480295 90.26958934448339 11.589418476036899 17.196566555015995 6 899 89.75491973964317 14.392992515526448
158 90.06619156802533 92.73355280239497 92.02151572947724 94.67239649512724 4 631 91.39987218521014 93.34695611230225
159 74.97517240389 87.12189263430744 80.13059978471624 81.28468012791888 2 409 81.04853251909873 80.70763995631756
160 43.310156286205796 55.41931878166788 98.37420786417562 99.87271489622496 8 1251 49.36473753393684 99.1234613802003
161 74.36146863335455 76.67076189770378 30.19241746123015 31.857227493593882 5 776 75.51611526552917 31.024822477412016
162 49.44908132790475 55.69120037000913 88.27076082655367 95.87212341500602 8 1203 52.57014084895694 92.07144212077984
163 100.43208447372683 109.98539959028001 78.39932620260177 79.063583828458 7 1033 105.20874203200341 78.73145501552989
164 22.172293320284957 22.920506908681524 12.701730275564316 16.44095435159832 8 1134 22.54640011448324 14.571342313581319
165 104.69053438560078 109.44038353407129 78.40412445389555 79.81753425939874 4 610 107.06545895983604 79.11082935664714
166 26.079957874335758 30.355516060129464 101.83527757857706 108.13285366374176 8 1182 28.21773696723261 104.9840656211594
167 90.15083408491718 94.53798039868235 34.124695280243486 37.80643798783861 4 641 92.34440724179976 35.96556663404105
168 68.29367707839178 70.43822786175095 76.85284849365527 77.07628188261117 3 517 69.36595247007136 76.96456518813322
169 28.114822005566037 30.669896682627922 53.15010409867765 54.24594273041022 2 299 29.39235934409698 53.69802341454394
170 17.074541541113604 17.126754904570433 84.6094744433161 85.22086367688281 6 888 17.10064822284202 84.91516906009946
171 54.54714869392848 54.55360968563794 84.33114262357755 85.03570945438302 0 87 54.55037918978321 84.68342603898029
172 89.39493853742967 91.03603663698438 10.837471397567644 17.59143512701126 2 335 90.21548758720702 14.214453262289451
173 17.979572236503387 18.34909073280388 23.793877200459324 24.80655972563548 1 142 18.164331484653633 24.3002184630474
174 12.253592279378372 12.712906370348673 30.814154687686038 31.123504027513874 2 284 12.483249324863522 30.968829357599958
175 24.69260873510011 27.030990949660726 90.32284475918871 95.80109715762339 5 771 25.861799842380417 93.06197095840605
176 84.21220038804525 86.43024758608378 101.2946967897206 105.05409786064509 8 1186 85.32122398706451 103.17439732518284
177 48.38404511996417 50.888528091546604 33.20614954879234 38.26348502115414 5 723 49.63628660575539 35.73481728497324
178 34.01090910603223 36.225506400245 89.30147722803656 95.04827444748767 4 633 35.11820775313862 92.17487583776212
179 20.206553712962695 24.155516621788927 10.27588428264946 10.905679028872221 0 6 22.18103516737581 10.590781655760841
180 74.33237695422385 77.76447058537272 48.3920313734065 50.314683988076354 2 386 76.04842376979829 49.353357680741425
181 24.711767811901396 25.58176775993516 10.779619811657774 16.160092164770276 1 147 25.14676778591828 13.469855988214025
182 52.02303387998295 52.51502845255008 43.40032027704932 44.63011564625747 5 726 52.269031166266515 44.01521796165339
183 104.66315682041161 109.29689245391431 52.13534699142489 55.638250201896625 7 1034 106.98002463716296 53.88679859666075
184 65.88057756396864 66.77666816437947 73.78450716055347 75.53686098286067 8 1225 66.32862286417406 74.66068407170707
185 89.1582672436043 91.29105469790375 101.32517711512709 105.83984269106008 7 1042 90.22466097075403 103.58250990309358
186 50.58451066415759 51.40293040219527 90.11322736369026 92.7656852866634 2 357 50.99372053317643 91.43945632517682
187 66.20856170894317 66.76853293609206 82.11058600561576 86.38237964504259 1 229 66.4885473225176 84.24648282532917
188 88.7239144274406 93.06958387994496 92.84104729637097 93.52407243957914 6 913 90.89674915369278 93.18255986797506
189 14.05204048399957 18.271902259697754 65.12094457799782 68.24811518525748 6 894 16.16197137184866 66.68452988162764
190 11.393253031148449 17.209862745986946 96.5746861141979 97.16318121411754 4 600 14.301557888567697 96.86893366415772
191 42.91124700020502 45.36659345574056 53.59760085652264 54.20098460406382 9 1294 44.13892022797279 53.899292730293226
192 89.66215204741114 90.41820679715946 10.679973858848674 14.511127953525126 0 53 90.04017942228529 12.5955509061869
193 88.90263864922544 89.47264865827863 101.67223406713306 108.72662816924118 9 1324 89.18764365375203 105.19943111818712
194 24.227904963964445 29.771087434453435 64.07829206093777 67.08560206546197 3 507 26.99949619920894 65.58194706319986
195 44.93550799002387 45.652727562495166 91.04114091676432 94.41479011841729 0 72 45.29411777625952 92.7279655175908
196 107.39815590416687 107.65272394021748 44.87068433692292 44.91620900822306 7 1031 107.52543992219218 44.89344667257299
197 103.96101974667218 108.38548833348364 73.22748922212241 75.6045646640728 9 1315 106.17325404007791 74.4160269430976
198 15.302121430263274 18.368835790700842 90.56669891783784 92.99224933241044 8 1167 16.835478610482056 91.77947412512414
199 64.04384513011007 68.97908151250368 80.41754960463126 83.01138785402044 7 1075 66.51146332130688 81.71446872932586
200 15.74592753150906 18.504232799270888 77.68711774517409 78.96204373446949 8 1173 17.125080165389974 78.32458073982178
201 44.70965480634143 47.10441348603286 54.643492777297716 54.87425542388972 5 730 45.907034146187144 54.758874100593715
202 104.79952898281383 112.20092845080592 101.05171158930358 111.88266197966377 5 739 108.50022871680987 106.46718678448367
203 24.287119192147035 28.55397304978806 69.83669291066171 70.96017504674236 9 1353 26.420546120967547 70.39843397870203
204 29.603193323575265 31.734747672277084 33.75947096098329 39.45859756471052 3 438 30.668970497926175 36.609034262846905
205 29.178563752124255 29.866927690047675 40.54425977000252 42.56460856615492 6 862 29.522745721085965 41.554434168078714
206 10.700277929066221 13.23476427424115 78.75784111370443 79.61753798176717 1 186 11.967521101653686 79.1876895477358
207 81.340001819592 82.88372743073143 53.00622409591998 53.45333671366696 3 521 82.11186462516172 53.22978040479347
208 42.341018049183866 44.434497012917376 28.979624666876216 29.226703358835145 4 577 43.387757531050624 29.10316401285568
209 16.211382229880495 18.117250477836016 82.27668199007041 83.28323600261847 6 888 17.164316353858254 82.77995899634445
210 80.64603571743801 87.9037776100301 67.26882330916064 71.91442799188367 7 1087 84.27490666373406 69.59162565052216
211 90.37559177281992 94.96426834901662 72.16673771390361 77.27818338079386 7 1069 92.66993006091826 74.72246054734873
212 72.29135408140768 77.82286933506549 70.61104471177462 71.28059962016088 1 247 75.05711170823659 70.94582216596775
213 24.189399974433485 31.37240728491024 41.74282572020892 44.78841104459517 5 721 27.78090362967186 43.265618382402046
214 67.00828768717032 67.1840264300114 44.611363316176444 46.62201418718314 7 1082 67.09615705859086 45.61668875167979
215 21.700889911204115 25.13894663823454 101.86808941468296 109.09240196714802 7 1038 23.41991827471933 105.4802456909155
216 16.320888919157216 18.532505626226953 74.75083314184654 77.7850603176349 7 1032 17.426697272692085 76.26794672974071
217 90.29332155907804 92.57558479630443 88.2224924256088 91.60258938466364 4 631 91.43445317769124 89.91254090513623
218 64.36197027816209 67.005264319302 74.61750626918688 74.63943771125568 9 1366 65.68361729873205 74.62847199022127
219 15.032673375108299 19.354689502703447 23.713764639705868 25.93461990606227 4 565 17.193681438905873 24.82419227288407
220 53.215070709381614 53.47676478131567 72.98478828990498 76.27071605717002 2 378 53.34591774534864 74.6277521735375
221 96.67174743538034 97.3912672836553 13.756925982420501 18.458581428197448 8 1178 97.03150735951782 16.107753705308973
222 32.588107028377756 36.22608441960888 101.0360898499562 104.75898269162929 0 57 34.40709572399332 102.89753627079274
223 7.87405951515685 17.1073853649296 104.44535529230176 110.8561931576307 7 1020 12.490722440043225 107.65077422496623
224 92.21824059802763 93.38188081267613 70.20856423974769 71.81764972197378 9 1354 92.80006070535188 71.01310698086073
225 64.384050510805 67.77345031242413 13.741736507179315 17.25021815972716 6 908 66.07875041161456 15.495977333453238
226 14.62449374090188 15.68812155675353 78.22277967261357 78.87244519167754 1 186 15.156307648827704 78.54761243214556
227 12.41330266666809 18.653488726850632 35.555150724192195 38.23542752750918 2 285 15.53339569675936 36.89528912585069
228 72.3147964446404 74.21471299299625 51.66955222558942 51.87825290479899 4 668 73.26475471881832 51.773902565194206
229 75.17984021355039 75.21469869810014 53.30773745583156 54.98495365416629 3 530 75.19726945582526 54.14634555499892
230 20.08300539714586 22.762856662178095 12.432582803598843 17.327464822527315 5 711 21.422931029661978 14.88002381306308
231 89.24378901938825 91.29940392733408 13.412980056179537 18.39528185478651 0 53 90.27159647336117 15.904130955483023
232 101.73354239824884 102.86006684790856 51.40634965041968 55.54527624671638 2 329 102.2968046230787 53.47581294856803
233 29.179189092918797 31.504412669568083 13.143652284192825 15.592980587128267 8 1135 30.34180088124344 14.368316435660546
234 53.64710741856318 54.769436396562845 91.11517634030335 93.85081726589253 5 780 54.20827190756302 92.48299680309793
235 53.83200479591156 54.45764986234437 73.2151421953627 75.23089579739731 2 378 54.14482732912796 74.22301899638
236 100.17746792056705 108.43185815291938 70.69814642069646 70.95932609361599 9 1318 104.30466303674322 70.82873625715622
237 41.8982513737356 42.440680544638276 14.59090129988232 15.048237870816411 4 573 42.16946595918694 14.819569585349367
238 81.11588147491445 83.79898678870845 69.7270559738572 71.52391296351475 1 241 82.45743413181145 70.62548446868598
239 24.65031318604303 26.775719585273322 73.01125595496323 75.14402509574715 3 504 25.713016385658175 74.07764052535519
240 73.17830677025924 74.5591584881348 49.47549501462977 51.897548659159 0 104 73.86873262919701 50.686521836894386
241 11.010854815528182 13.796906665306484 50.09347047427545 51.63871221866981 6 851 12.403880740417332 50.86609134647263
242 107.34602985635517 117.13033579914696 101.81546095072443 106.68215849083852 7 1021 112.23818282775107 104.24880972078148
243 72.29927314403379 75.62356327707225 24.34497873735447 26.130359058901423 6 917 73.96141821055302 25.237668898127946
244 90.71359946156309 93.41263419085594 65.07059877901048 65.31717200625394 9 1354 92.06311682620952 65.19388539263221
245 12.343128559699942 18.37420238524294 29.737430272189698 30.83769534558276 5 707 15.35866547247144 30.28756280888623
246 105.61474445554289 117.83563813821928 15.520490654113814 18.602080149999463 6 878 111.72519129688109 17.06128540205664
247 48.750715449362396 51.682537017288766 29.494254069292104 30.124867141782318 8 1142 50.216626233325584 29.80956060553721
248 72.07325474564368 73.21519478375431 52.834458841498254 55.01493647326634 6 953 72.644224764699 53.924697657382296
249 82.82251560000962 83.76146052421862 67.16852867793217 68.24682502652756 9 1369 83.29198806211411 67.70767685222987
250 12.37662141754491 18.596172116332696 81.75430507913607 83.94348564637885 1 183 15.486396766938803 82.84889536275746
251 50.41156274014581 51.439161661562906 43.091248006771394 44.131100070916396 8 1148 50.92536220085436 43.6111740388439
252 14.504994488498774 17.79730254674432 26.55277884047412 27.534494166566642 8 1130 16.151148517621547 27.043636503520382
253 107.48462552002718 108.65853115410714 42.33597571769184 47.404267853574 4 608 108.07157833706717 44.87012178563292
254 22.452842592669942 25.683281468691348 104.45442400967221 104.53386243614095 1 192 24.068062030680643 104.49414322290659
255 44.461624218645454 44.73006746923735 69.93818638837784 70.25763803931224 6 951 44.595845843941404 70.09791221384504
256 65.24904710409155 71.106009739705 82.51531224990994 86.14668949088045 5 793 68.17752842189827 84.3310008703952
257 46.464264780468284 46.48840737807885 54.21081440412377 54.45024183700511 6 871 46.476336079273565 54.33052812056444
258 53.854621691685814 53.96856433889514 102.81872145776701 104.52906852708895 3 486 53.91159301529048 103.67389499242799
259 11.487279842436015 13.487590528779629 84.79801269736265 86.90604410599934 1 183 12.487435185607822 85.852028401681
260 73.50816529627504 77.04378616338539 48.16571345303481 49.05572816380946 3 527 75.27597572983021 48.61072080842214
261 12.617687315931109 16.656190752230913 27.604602208624083 27.730496862640127 0 2 14.63693903408101 27.667549535632105
262 33.99928469831808 38.392962868860295 101.45327302656452 104.64791704141415 8 1185 36.19612378358919 103.05059503398934
263 12.28485460606546 15.233880977818 21.85220043873873 24.671370489525046 5 706 13.759367791941731 23.26178546413189
264 44.471604836702 46.38106895611948 69.73770620399225 71.57734273990734 3 528 45.42633689641074 70.65752447194978
265 13.790169986530831 15.309458448739646 98.14335252676308 98.68506775837244 2 318 14.549814217635237 98.41421014256775
266 100.36057518865726 103.30090600931307 92.07059174627452 93.84093402284692 9 1309 101.83074059898516 92.95576288456073
267 89.68805487800492 92.91107760744644 28.28788090959162 30.07278173944971 6 911 91.29956624272569 29.180331324520665
268 24.787350256299902 29.405540421001348 66.96421051672804 70.26372899110174 8 1212 27.096445338650625 68.61396975391489
269 74.35188004625873 77.10235073871696 48.608089815352024 51.88777585912251 8 1232 75.72711539248785 50.24793283723727
270 28.8969375918699 30.60120125765857 34.29416285582214 38.53899947958131 5 720 29.749069424764237 36.41658116770172
271 89.58308414331148 91.3548899866594 37.2703797753258 39.113274326311775 8 1205 90.46898706498544 38.19182705081879
272 86.56807401477603 86.59774353760996 91.46628295798055 94.74949074143659 9 1339 86.582908776193 93.10788684970856
273 20.663817006677917 24.62888971157378 17.14600475635155 17.231265617806677 6 852 22.646353359125847 17.188635187079115
274 50.0729687070849 51.1239264821346 100.76052179475185 106.81882937489844 2 345 50.59844759460975 103.78967558482515
275 11.983660174249973 15.436990788153421 32.144675064161206 32.93136206347526 0 3 13.710325481201696 32.538018563818234
276 29.3454890993461 29.870594257607152 24.02966007096421 25.659905887512124 6 857 29.608041678476624 24.84478297923817
277 92.958703843564 95.4656718737148 75.85294359678338 76.66874438999724 0 82 94.2121878586394 76.26084399339031
278 48.52510928217494 48.92421015077457 35.424405484157404 37.642089239016215 8 1146 48.724659716474754 36.53324736158681
279 11.27897257647938 15.330514820885181 82.26793393379008 82.37115794021518 9 1311 13.30474369868228 82.31954593700263
280 50.14158075955599 51.401246518728726 100.54724355507001 101.59027811949342 4 627 50.77141363914236 101.06876083728172
281 89.16995920738873 92.87463944084134 76.16975411587401 78.19988913561816 1 223 91.02229932411504 77.18482162574608
282 36.680085618081876 39.64757688501111 88.81167458231711 93.01160357467089 5 774 38.1638312515465 90.911639078494
283 12.130677899708193 18.551955946949022 64.62689515106604 69.95127169252217 1 189 15.341316923328607 67.2890834217941
284 95.27337381940038 98.49336999151858 10.919532460993203 18.69456345507205 6 896 96.88337190545948 14.807047958032626
285 102.01564570142622 107.3648390980242 108.79803313450627 109.01384095540813 8 1162 104.69024239972521 108.9059370449572
286 40.020654917072136 46.13395512505011 104.23610505090674 106.30328413327837 1 201 43.07730502106112 105.26969459209255
287 10.173353560310723 13.61916007241047 27.269182328756244 30.60535546797025 2 284 11.896256816360596 28.937268898363246
288 88.05120733059945 95.79269278583735 64.2437295526657 66.91477984970071 7 1072 91.9219500582184 65.5792547011832
289 100.2554258599996 109.55588694830976 96.27821807649849 97.32475607734528 6 883 104.90565640415468 96.80148707692189
290 1.6422445972018895 9.028244118846136 4.220821124667527 10.051408605120493 4 564 5.3352443580240125 7.13611486489401
291 90.06162112943836 92.67155682611964 65.05887303410617 65.51782677349826 4 649 91.366588977779 65.28834990380221
292 101.70382700990234 109.65785439225847 64.27248017682074 71.59478751394721 3 472 105.6808407010804 67.93363384538398
293 94.30091011490013 98.00828698792189 10.52363980192567 19.031845688671233 9 1319 96.15459855141101 14.77774274529845
294 11.115035954968329 15.47687923260472 82.36792609388884 87.33313241767189 2 324 13.295957593786525 84.85052925578037
295 114.89061328448102 117.03309052687511 102.35123308689246 104.43809409439507 2 316 115.96185190567806 103.39466359064377
296 85.51115721878583 85.94324979699682 24.30333410346064 28.968510739065202 1 209 85.72720350789132 26.63592242126292
297 25.65942094798069 29.824612571350162 88.99392001589185 93.78414540320473 0 66 27.742016759665425 91.38903270954829
298 66.8754741348327 69.47203321208887 107.74084131837873 109.6374340772144 8 1192 68.1737536734608 108.68913769779655
299 64.47726230780536 66.2571080215302 80.32386134817095 81.94524684248061 1 229 65.36718516466777 81.13455409532578
300 42.2813850552973 43.24832784903458 53.46958069205361 55.360294034989316 4 589 42.764856452165944 54.41493736352146
301 26.152506346145724 30.04059230584636 103.03105629248967 109.53509503990433 9 1323 28.096549325996044 106.28307566619699
302 39.54713474562324 39.67453198771462 49.74673507760849 50.13266967963958 3 445 39.61083336666893 49.939702378624034
303 90.86967871419078 94.1130126418641 29.99228142282691 30.44106030723019 7 1052 92.49134567802744 30.21667086502855
304 94.77496245632861 94.79185935555311 101.110357249144 109.64989543675583 7 1039 94.78341090594085 105.38012634294992
305 100.95969658694835 109.3292390417634 94.40362061549585 98.56167812714807 3 460 105.14446781435588 96.48264937132197
306 65.1893232032435 68.44804888934591 81.85722534281948 82.02686885882923 1 229 66.81868604629472 81.94204710082435
307 53.283917374546746 54.60879432942384 32.452629944567995 36.78797658093386 9 1287 53.94635585198529 34.62030326275092
308 117.68747554727457 119.74263343970733 105.7113927490127 108.1516043908956 2 316 118.71505449349095 106.93149856995416
309 107.50664523954343 109.28908328699369 94.65936957878998 94.73614683395843 5 742 108.39786426326856 94.6977582063742
310 77.42487850057455 78.49381401865784 30.23855214205708 30.742157644407605 4 635 77.9593462596162 30.490354893232343
311 68.02051560038834 68.23086242737371 11.124507471404442 13.174187433921828 4 626 68.12568901388101 12.149347452663136
312 97.42121964891285 97.66902075063064 13.515608948935498 19.194312891937003 4 614 97.54512019977174 16.35496092043625
313 48.234875215679494 51.56304625371984 73.2688700148402 76.78230824053821 9 1362 49.89896073469967 75.02558912768922
314 81.03127021152612 85.02676410349547 51.21508037250835 53.8962778171705 7 1085 83.0290171575108 52.55567909483943
315 88.98092161705547 92.16392937632617 82.47389377145099 86.00455652451615 5 784 90.57242549669081 84.23922514798357
316 102.21674476059103 109.45790659852796 21.78689054688025 22.897121157894045 7 1022 105.83732567955948 22.342005852387146
317 11.221795812123098 16.113286136314766 20.989860735092122 23.51525787563341 5 706 13.667540974218932 22.252559305362766
318 92.17435184223112 94.70770881633112 24.020044227658012 26.769263750511357 1 206 93.44103032928112 25.394653989084684
319 12.866227965239386 16.806512327981373 38.78653837294878 39.836955601255035 4 567 14.83637014661038 39.31174698710191
320 52.33024035972118 53.60403310290387 44.80560205623353 47.14227971636771 1 162 52.96713673131252 45.973940886300625
321 100.52138231099798 103.11726935878362 95.90657243571434 97.46717787412584 3 460 101.8193258348908 96.68687515492009
322 72.3162372592895 78.57860793698123 16.761326152964788 18.196300462359623 1 200 75.44742259813536 17.478813307662207
323 64.30002976047236 65.56220412976694 28.37959841178163 31.87353130438956 1 215 64.93111694511964 30.126564858085594
324 52.931700595801985 53.91218828418157 42.83151057412446 45.04852014717705 8 1149 53.421944439991776 43.940015360650754
325 25.998561172993192 29.793449254190023 37.76410142299617 39.95397563501275 3 438 27.896005213591607 38.859038529004465
326 42.33814290257235 46.61880887488081 10.058267933112358 18.69138144843885 2 291 44.47847588872658 14.374824690775604
327 44.1990812928325 47.53499129687116 65.01208205173296 65.85232362249172 0 108 45.86703629485183 65.43220283711234
328 42.993692235275624 46.2964614170556 55.111491479419286 55.60066723002318 1 166 44.645076826165614 55.35607935472123
329 28.3051071322829 30.933923685469455 82.08324420048493 87.71876764172453 5 783 29.619515408876175 84.90100592110473
330 13.489486506918457 19.231690837940224 72.09562989564922 74.06233125596583 3 468 16.36058867242934 73.07898057580752
331 10.402133685001038 11.584629168977568 27.79365842806583 28.565170374843333 7 989 10.993381426989302 28.17941440145458
332 27.721707685085526 28.61180131747546 50.624727699295185 50.68647324392051 6 863 28.166754501280494 50.65560047160785
333 75.47943061382549 77.27256028345496 28.533276880745174 29.27197475370652 2 353 76.37599544864023 28.902625817225847
334 91.04006330081576 95.16231411841821 42.88966218007002 45.541632567706564 8 1208 93.10118870961699 44.21564737388829
335 27.454337366253448 28.002924032218267 81.79550003568338 86.54459579924395 1 219 27.728630699235858 84.17004791746366
336 82.573326670315 83.69780909049797 69.06286625700534 70.61798768181528 9 1369 83.13556788040648 69.84042696941032
337 12.179785932167967 19.945436761346254 21.20971974769801 25.570305373102464 3 424 16.06261134675711 23.390012560400237
338 92.08567099229673 94.29864421369741 40.64150573198549 42.11990020356698 8 1208 93.19215760299707 41.38070296777623
339 45.6332875124282 47.823795807487414 48.66059099577084 50.80561502282586 1 165 46.728541659957806 49.73310300929835
340 36.263637136261146 39.54895348995242 51.25834040883756 51.51632231927689 7 1009 37.90629531310678 51.387331364057225
341 49.253460602151115 53.41322446526061 10.289474686899073 14.199423040309314 9 1279 51.33334253370586 12.244448863604195
342 65.58707376749598 66.8369666214651 72.9125661529284 72.92602393989203 2 379 66.21202019448054 72.91929504641021
343 51.46150159466685 55.05267249834073 10.404733837785088 15.174529282120782 3 433 53.25708704650379 12.789631559952934
344 89.6778313090608 90.3410216316569 46.79511468766671 47.78678026782487 8 1208 90.00942647035885 47.29094747774579
345 73.50814719973773 74.52531249674692 50.076948938077024 51.06930163125827 8 1232 74.01672984824233 50.57312528466765
346 52.0663976864028 53.358877970891335 72.54832191896382 74.02465316456613 1 237 52.71263782864707 73.28648754176498
347 102.50347072593803 108.54665065192295 89.11277581074462 90.00162409984354 5 745 105.5250606889305 89.55719995529408
348 94.574700378048 98.9606959889167 13.819310476770129 15.936006220048169 3 473 96.76769818348234 14.877658348409149
349 88.88351617654271 94.39473204605765 72.23565644873506 74.25160383426076 5 787 91.63912411130019 73.2436301414979
350 23.834678726000227 23.952132674347094 108.58483733850456 109.32910311224802 0 51 23.89340570017366 108.9569702253763
351 76.00687122108137 77.44564264843046 48.91720966852814 50.878950926399696 5 809 76.72625693475592 49.89808029746392
352 64.30843559030123 68.24868988796698 34.08553558019754 37.96570325200165 7 1073 66.2785627391341 36.0256194160996
353 93.56047457225043 95.5691153244627 35.614254014017675 38.079415868675035 9 1346 94.56479494835656 36.84683494134636
354 24.527030899129112 26.843519268724698 27.956052395785267 28.94521120400222 7 998 25.685275083926904 28.450631799893742
355 35.92019557728753 39.30406007345663 48.706413896736294 50.43732167509291 0 22 37.612127825372085 49.571867785914606
356 90.32292548158372 94.2622436000984 35.99454430996575 38.2961556726594 3 500 92.29258454084106 37.14534999131257
357 103.06377734736034 109.81309796612395 80.6841295731042 82.37174369017914 3 466 106.43843765674214 81.52793663164167
358 90.38687280174753 92.93390364757295 10.893414602817272 13.478978154155204 8 1181 91.66038822466024 12.186196378486237
359 66.04803614901444 70.88299381006023 33.533564108006736 37.047747588883475 9 1355 68.46551497953733 35.290655848445105
360 40.09004429065542 45.03646352647095 13.682561351659857 17.053194408210736 3 432 42.56325390856318 15.367877879935296
361 68.22272883577776 71.86367946679297 88.50630099796874 91.59299210410852 6 922 70.04320415128537 90.04964655103862
362 44.00450697938351 46.843723008515866 54.919497445690574 55.24206388984152 4 589 45.424114993949686 55.08078066776605
363 65.43564174715549 65.49336541665292 43.61053003689882 45.33726604028525 6 941 65.46450358190421 44.47389803859204
364 70.15318525226765 70.15391322216948 27.614938228459696 27.8203073759041 9 1343 70.15354923721856 27.7176228021819
365 101.16292088689087 101.24873022695675 40.35740143359312 42.59438213569237 8 1172 101.20582555692381 41.47589178464274
366 89.06383067763943 91.77057773651066 26.57035418088067 31.224275863489883 6 911 90.41720420707505 28.897315022185275
367 89.69208058947825 91.9992721369109 33.46593385170149 35.072398821732556 0 77 90.84567636319457 34.26916633671702
368 66.92057768299331 71.41499858471724 81.8701607524037 83.22354572214442 5 793 69.16778813385528 82.54685323727406
369 20.98360165840079 21.011016273902463 14.111085746516299 18.69417345410337 7 993 20.99730896615163 16.402629600309837
370 48.306500459425536 49.62037111751239 74.8757655720759 76.66641048386836 7 1080 48.96343578846896 75.77108802797213
371 69.08423366454812 71.76711883308445 44.81084939273607 47.87660603313359 0 92 70.42567624881629 46.34372771293483
372 41.70076642271222 45.59380631988962 91.53449564920992 95.05434443251438 2 354 43.64728637130092 93.29442004086215
373 52.43408100830685 54.831844081800135 82.62007751300418 87.37742600857423 1 228 53.63296254505349 84.9987517607892
374 100.96725967328808 107.0113245752484 73.10238823471295 74.37516814072787 7 1033 103.98929212426825 73.73877818772041
375 49.76244871238909 51.85654320593109 34.70456100782158 38.802832054494885 6 864 50.80949595916009 36.75369653115823
376 68.97845429366278 71.58983844270199 19.194309403500416 19.443838531919496 1 203 70.28414636818238 19.319073967709954
377 50.04199079287719 51.023208085873804 37.962833273668565 38.09952626338192 0 18 50.5325994393755 38.03117976852524
378 35.11141805548672 39.233663607727806 64.87411222543106 65.5342291244307 6 945 37.172540831607265 65.20417067493088
379 91.89796598173007 95.84045291043553 74.17704816929168 77.68443040778801 2 364 93.8692094460828 75.93073928853985
380 100.23730611509308 109.1369877372147 44.212031421986055 47.690441970517476 4 608 104.68714692615389 45.95123669625177
381 102.64116188560517 104.61452371807601 75.35762511151545 76.8858783051938 1 187 103.62784280184059 76.12175170835462
382 11.402222800961193 17.261372231380108 77.2258828136417 78.63371060792122 8 1173 14.33179751617065 77.92979671078146
383 82.49777056998387 85.67660115433789 24.939701615089124 25.843576335802567 4 632 84.08718586216088 25.391638975445844
384 40.11998366441316 43.53069981787293 101.29749140337188 109.07405397557815 0 60 41.82534174114305 105.18577268947502
385 84.77436684147933 85.63249362240558 12.890444343002176 15.15575128226471 6 902 85.20343023194246 14.023097812633443
386 14.022200517647626 17.70793954352134 64.49187213543557 67.83969819219394 7 1035 15.865070030584484 66.16578516381475
387 83.33563038480146 87.50872197401841 65.43553410768699 71.05841060619241 3 523 85.42217617940995 68.2469723569397
388 11.414781892282203 18.17403656998662 64.32238405770262 70.4058730108568 4 612 14.794409231134411 67.3641285342797
389 90.73490647268892 95.47979910785382 40.10888826694941 40.75629409472833 4 644 93.10735279027136 40.43259118083887
390 42.687614072476535 46.512012121822025 26.555606919941575 27.600119815808853 6 859 44.59981309714928 27.077863367875214
391 103.09555354007193 103.74947569961105 68.54619496344029 68.73090927158391 9 1318 103.4225146198415 68.63855211751209
392 36.400820808565946 39.12746034993831 100.28700190982316 100.86762998534414 7 1044 37.76414057925213 100.57731594758366
393 68.4942290407843 69.68286995348744 72.47303125368278 77.20139687887743 6 940 69.08854949713587 74.8372140662801
394 35.517552393434606 36.89228326930876 49.046645045358325 50.20589469675459 0 22 36.20491783137169 49.62626987105646
395 83.03300712746055 84.95250793948557 52.2565193115937 54.34987685196269 0 98 83.99275753347305 53.30319808177819
396 52.88455984545062 53.32748532884629 42.09063337503752 46.68168239228902 6 867 53.10602258714845 44.38615788366327
397 40.8836196977189 44.0377130404832 91.82151881373575 93.352604424666 2 354 42.46066636910105 92.58706161920088
398 73.89347527746395 76.1252696847863 53.942301566626675 54.55452509788722 3 530 75.00937248112513 54.248413332256945
399 27.092113431732567 27.869360922829394 48.6971162517355 51.55218940745981 4 581 27.48073717728098 50.12465282959765
400 51.164045329835936 53.190138655043455 91.96614337149377 92.93142019753515 9 1344 52.1770919924397 92.44878178451447
401 49.49608028188733 50.628350922760596 81.91096759753322 86.40271125701614 9 1356 50.06221560232396 84.15683942727468
402 90.94399454373993 94.27473688246585 38.95593610979806 39.48524449878447 6 923 92.60936571310289 39.220590304291264
403 22.182888117454855 23.484467294030974 106.30443174252328 108.72617459112445 0 51 22.833677705742915 107.51530316682386
404 90.24099165895792 90.73191128086455 101.33574230978995 102.21640831017423 6 901 90.48645146991123 101.77607530998209
405 54.284898816066516 55.04007747003116 75.93741511968321 77.5355424808897 2 378 54.66248814304883 76.73647880028645
406 51.238079140189384 55.01495575073611 24.567521192960346 29.59819210907547 4 578 53.126517445462746 27.082856651017906
407 70.60920441263164 71.41532052900995 42.205230391933135 44.48194143419387 5 797 71.01226247082079 43.34358591306351
408 29.521402382961433 31.319112065175588 12.244804688889555 15.103822559361568 1 148 30.42025722406851 13.674313624125562
409 45.1528339630039 47.51628304482047 10.12871713753848 17.935369940405963 4 573 46.334558503912184 14.032043538972221
410 101.3419726764535 108.2165163532392 65.99849729882533 69.5156953616394 8 1177 104.77924451484634 67.75709633023237
411 12.526039288599453 16.663241023042648 37.43252526383149 38.62094135072853 5 708 14.59464015582105 38.02673330728001
412 69.07489670356046 69.64140387491102 91.79507233475681 95.1657355411868 2 358 69.35815028923574 93.4804039379718
413 36.37763944346484 38.38378146884287 12.419310761647363 14.956066718849751 6 854 37.38071045615385 13.687688740248557
414 48.29774533774509 48.80735206962062 73.85572711841881 75.4439124061813 4 657 48.55254870368286 74.64981976230006
415 83.22587881215988 86.8214366352999 25.54190416311165 27.940341466270702 9 1337 85.02365772372988 26.741122814691174
416 7.153565052195825 16.909447219381107 101.866733454118 117.09778414125381 7 1020 12.031506135788465 109.48225879768592
417 96.55360398608609 97.60522388532422 15.563666347999643 17.057427333390084 8 1178 97.07941393570516 16.31054684069486
418 73.67743058345815 73.8332878884168 64.02254216132188 67.2959357612869 0 109 73.75535923593748 65.6592389613044
419 23.358278930561866 25.577007373030526 104.20480683460403 106.26813737044758 9 1320 24.467643151796196 105.2364721025258
420 73.41110518542571 73.76400151444973 24.523401848768152 30.878525807589618 5 776 73.58755334993772 27.700963828178885
421 11.36450118692494 14.601273253285806 51.349302842535295 52.784164035781714 4 569 12.982887220105372 52.066733439158504
422 92.5696089245655 94.62092256927832 80.21820828341855 84.90421610487545 8 1207 93.59526574692191 82.561212194147
