0 20.0 23.0 0 1 26 
1 20.0 29.0 0 2 27 
2 20.0 36.0 0 3 27 
3 20.0 44.0 0 4 28 
4 20.0 52.0 0 5 28 
5 24.0 28.0 0 11 27 
6 32.0 28.0 0 11 12 
7 40.0 28.0 0 12 13 
8 48.0 28.0 0 13 14 
9 24.0 36.0 0 15 27 
10 32.0 36.0 0 15 31 
11 24.0 44.0 0 16 28 
12 32.0 44.0 0 16 31 
13 24.0 52.0 0 17 28 
14 28.0 56.0 0 17 133 
15 36.0 48.0 0 22 31 
16 36.0 56.0 0 22 133 
17 41.0 48.0 0 23 31 
18 41.0 56.0 0 23 133 
19 45.0 48.0 0 24 31 
20 45.0 52.0 0 24 25 
21 45.0 56.0 0 25 133 
22 22.0 24.0 0 26 27 
23 22.0 40.0 0 27 28 
24 22.0 56.0 0 28 132 
25 23.0 20.0 0 6 26 
26 29.0 20.0 0 7 29 
27 36.0 20.0 0 8 29 
28 44.0 20.0 0 9 30 
29 52.0 20.0 0 10 30 
30 28.0 24.0 0 11 29 
31 28.0 32.0 0 11 15 
32 28.0 40.0 0 15 16 
33 28.0 48.0 0 16 17 
34 36.0 24.0 0 12 29 
35 36.0 32.0 0 12 31 
36 44.0 24.0 0 13 30 
37 44.0 32.0 0 13 31 
38 52.0 24.0 0 14 30 
39 56.0 28.0 0 14 135 
40 48.0 36.0 0 18 31 
41 56.0 36.0 0 18 135 
42 48.0 41.0 0 19 31 
43 56.0 41.0 0 19 135 
44 48.0 45.0 0 20 31 
45 52.0 45.0 0 20 21 
46 56.0 45.0 0 21 135 
47 24.0 22.0 0 26 29 
48 40.0 22.0 0 29 30 
49 56.0 22.0 0 30 134 
50 20.0 20.0 0 0 1 6 26 
51 20.0 97.0 0 36 111 
52 20.0 91.0 0 39 114 
53 20.0 84.0 0 42 114 
54 20.0 76.0 0 45 117 
55 20.0 68.0 0 48 117 
56 24.0 92.0 0 66 114 
57 32.0 92.0 0 66 69 
58 40.0 92.0 0 69 72 
59 48.0 92.0 0 72 75 
60 24.0 84.0 0 78 114 
61 32.0 84.0 0 78 126 
62 24.0 76.0 0 81 117 
63 32.0 76.0 0 81 126 
64 24.0 68.0 0 84 117 
65 28.0 64.0 0 84 133 
66 36.0 72.0 0 99 126 
67 36.0 64.0 0 99 133 
68 41.0 72.0 0 102 126 
69 41.0 64.0 0 102 133 
70 45.0 72.0 0 105 126 
71 45.0 68.0 0 105 108 
72 45.0 64.0 0 108 133 
73 22.0 96.0 0 111 114 
74 22.0 80.0 0 114 117 
75 22.0 64.0 0 117 132 
76 23.0 100.0 0 51 111 
77 29.0 100.0 0 54 120 
78 36.0 100.0 0 57 120 
79 44.0 100.0 0 60 123 
80 52.0 100.0 0 63 123 
81 28.0 96.0 0 66 120 
82 28.0 88.0 0 66 78 
83 28.0 80.0 0 78 81 
84 28.0 72.0 0 81 84 
85 36.0 96.0 0 69 120 
86 36.0 88.0 0 69 126 
87 44.0 96.0 0 72 123 
88 44.0 88.0 0 72 126 
89 52.0 96.0 0 75 123 
90 56.0 92.0 0 75 136 
91 48.0 84.0 0 87 126 
92 56.0 84.0 0 87 136 
93 48.0 79.0 0 90 126 
94 56.0 79.0 0 90 136 
95 48.0 75.0 0 93 126 
96 52.0 75.0 0 93 96 
97 56.0 75.0 0 96 136 
98 24.0 98.0 0 111 120 
99 40.0 98.0 0 120 123 
100 56.0 98.0 0 123 137 
101 20.0 100.0 0 33 36 51 111 
102 100.0 23.0 0 35 110 
103 100.0 29.0 0 38 113 
104 100.0 36.0 0 41 113 
105 100.0 44.0 0 44 116 
106 100.0 52.0 0 47 116 
107 96.0 28.0 0 65 113 
108 88.0 28.0 0 65 68 
109 80.0 28.0 0 68 71 
110 72.0 28.0 0 71 74 
111 96.0 36.0 0 77 113 
112 88.0 36.0 0 77 125 
113 96.0 44.0 0 80 116 
114 88.0 44.0 0 80 125 
115 96.0 52.0 0 83 116 
116 92.0 56.0 0 83 138 
117 84.0 48.0 0 98 125 
118 84.0 56.0 0 98 138 
119 79.0 48.0 0 101 125 
120 79.0 56.0 0 101 138 
121 75.0 48.0 0 104 125 
122 75.0 52.0 0 104 107 
123 75.0 56.0 0 107 138 
124 98.0 24.0 0 110 113 
125 98.0 40.0 0 113 116 
126 98.0 56.0 0 116 139 
127 97.0 20.0 0 50 110 
128 91.0 20.0 0 53 119 
129 84.0 20.0 0 56 119 
130 76.0 20.0 0 59 122 
131 68.0 20.0 0 62 122 
132 92.0 24.0 0 65 119 
133 92.0 32.0 0 65 77 
134 92.0 40.0 0 77 80 
135 92.0 48.0 0 80 83 
136 84.0 24.0 0 68 119 
137 84.0 32.0 0 68 125 
138 76.0 24.0 0 71 122 
139 76.0 32.0 0 71 125 
140 68.0 24.0 0 74 122 
141 64.0 28.0 0 74 135 
142 72.0 36.0 0 86 125 
143 64.0 36.0 0 86 135 
144 72.0 41.0 0 89 125 
145 64.0 41.0 0 89 135 
146 72.0 45.0 0 92 125 
147 68.0 45.0 0 92 95 
148 64.0 45.0 0 95 135 
149 96.0 22.0 0 110 119 
150 80.0 22.0 0 119 122 
151 64.0 22.0 0 122 134 
152 100.0 20.0 0 32 35 50 110 
153 100.0 97.0 0 37 112 
154 100.0 91.0 0 40 115 
155 100.0 84.0 0 43 115 
156 100.0 76.0 0 46 118 
157 100.0 68.0 0 49 118 
158 96.0 92.0 0 67 115 
159 88.0 92.0 0 67 70 
160 80.0 92.0 0 70 73 
161 72.0 92.0 0 73 76 
162 96.0 84.0 0 79 115 
163 88.0 84.0 0 79 127 
164 96.0 76.0 0 82 118 
165 88.0 76.0 0 82 127 
166 96.0 68.0 0 85 118 
167 92.0 64.0 0 85 138 
168 84.0 72.0 0 100 127 
169 84.0 64.0 0 100 138 
170 79.0 72.0 0 103 127 
171 79.0 64.0 0 103 138 
172 75.0 72.0 0 106 127 
173 75.0 68.0 0 106 109 
174 75.0 64.0 0 109 138 
175 98.0 96.0 0 112 115 
176 98.0 80.0 0 115 118 
177 98.0 64.0 0 118 139 
178 97.0 100.0 0 52 112 
179 91.0 100.0 0 55 121 
180 84.0 100.0 0 58 121 
181 76.0 100.0 0 61 124 
182 68.0 100.0 0 64 124 
183 92.0 96.0 0 67 121 
184 92.0 88.0 0 67 79 
185 92.0 80.0 0 79 82 
186 92.0 72.0 0 82 85 
187 84.0 96.0 0 70 121 
188 84.0 88.0 0 70 127 
189 76.0 96.0 0 73 124 
190 76.0 88.0 0 73 127 
191 68.0 96.0 0 76 124 
192 64.0 92.0 0 76 136 
193 72.0 84.0 0 88 127 
194 64.0 84.0 0 88 136 
195 72.0 79.0 0 91 127 
196 64.0 79.0 0 91 136 
197 72.0 75.0 0 94 127 
198 68.0 75.0 0 94 97 
199 64.0 75.0 0 97 136 
200 96.0 98.0 0 112 121 
201 80.0 98.0 0 121 124 
202 64.0 98.0 0 124 137 
203 100.0 100.0 0 34 37 52 112 
204 10.0 60.0 0 128 
205 20.0 60.0 0 128 132 
206 60.0 10.0 0 129 
207 60.0 20.0 0 129 134 
208 60.0 100.0 0 130 137 
209 60.0 110.0 0 130 
210 100.0 60.0 0 131 139 
211 110.0 60.0 0 131 
212 24.0 60.0 0 132 133 
213 48.0 60.0 0 133 140 
214 60.0 24.0 0 134 135 
215 60.0 48.0 0 135 140 
216 60.0 72.0 0 136 140 
217 60.0 96.0 0 136 137 
218 72.0 60.0 0 138 140 
219 96.0 60.0 0 138 139 
220 20.0 23.0 1 142 167 
221 20.0 29.0 1 143 168 
222 20.0 36.0 1 144 168 
223 20.0 44.0 1 145 169 
224 20.0 52.0 1 146 169 
225 24.0 28.0 1 152 168 
226 32.0 28.0 1 152 153 
227 40.0 28.0 1 153 154 
228 48.0 28.0 1 154 155 
229 24.0 36.0 1 156 168 
230 32.0 36.0 1 156 172 
231 24.0 44.0 1 157 169 
232 32.0 44.0 1 157 172 
233 24.0 52.0 1 158 169 
234 28.0 56.0 1 158 274 
235 36.0 48.0 1 163 172 
236 36.0 56.0 1 163 274 
237 41.0 48.0 1 164 172 
238 41.0 56.0 1 164 274 
239 45.0 48.0 1 165 172 
240 45.0 52.0 1 165 166 
241 45.0 56.0 1 166 274 
242 22.0 24.0 1 167 168 
243 22.0 40.0 1 168 169 
244 22.0 56.0 1 169 273 
245 23.0 20.0 1 147 167 
246 29.0 20.0 1 148 170 
247 36.0 20.0 1 149 170 
248 44.0 20.0 1 150 171 
249 52.0 20.0 1 151 171 
250 28.0 24.0 1 152 170 
251 28.0 32.0 1 152 156 
252 28.0 40.0 1 156 157 
253 28.0 48.0 1 157 158 
254 36.0 24.0 1 153 170 
255 36.0 32.0 1 153 172 
256 44.0 24.0 1 154 171 
257 44.0 32.0 1 154 172 
258 52.0 24.0 1 155 171 
259 56.0 28.0 1 155 276 
260 48.0 36.0 1 159 172 
261 56.0 36.0 1 159 276 
262 48.0 41.0 1 160 172 
263 56.0 41.0 1 160 276 
264 48.0 45.0 1 161 172 
265 52.0 45.0 1 161 162 
266 56.0 45.0 1 162 276 
267 24.0 22.0 1 167 170 
268 40.0 22.0 1 170 171 
269 56.0 22.0 1 171 275 
270 20.0 20.0 1 141 142 147 167 
271 20.0 97.0 1 177 252 
272 20.0 91.0 1 180 255 
273 20.0 84.0 1 183 255 
274 20.0 76.0 1 186 258 
275 20.0 68.0 1 189 258 
276 24.0 92.0 1 207 255 
277 32.0 92.0 1 207 210 
278 40.0 92.0 1 210 213 
279 48.0 92.0 1 213 216 
280 24.0 84.0 1 219 255 
281 32.0 84.0 1 219 267 
282 24.0 76.0 1 222 258 
283 32.0 76.0 1 222 267 
284 24.0 68.0 1 225 258 
285 28.0 64.0 1 225 274 
286 36.0 72.0 1 240 267 
287 36.0 64.0 1 240 274 
288 41.0 72.0 1 243 267 
289 41.0 64.0 1 243 274 
290 45.0 72.0 1 246 267 
291 45.0 68.0 1 246 249 
292 45.0 64.0 1 249 274 
293 22.0 96.0 1 252 255 
294 22.0 80.0 1 255 258 
295 22.0 64.0 1 258 273 
296 23.0 100.0 1 192 252 
297 29.0 100.0 1 195 261 
298 36.0 100.0 1 198 261 
299 44.0 100.0 1 201 264 
300 52.0 100.0 1 204 264 
301 28.0 96.0 1 207 261 
302 28.0 88.0 1 207 219 
303 28.0 80.0 1 219 222 
304 28.0 72.0 1 222 225 
305 36.0 96.0 1 210 261 
306 36.0 88.0 1 210 267 
307 44.0 96.0 1 213 264 
308 44.0 88.0 1 213 267 
309 52.0 96.0 1 216 264 
310 56.0 92.0 1 216 277 
311 48.0 84.0 1 228 267 
312 56.0 84.0 1 228 277 
313 48.0 79.0 1 231 267 
314 56.0 79.0 1 231 277 
315 48.0 75.0 1 234 267 
316 52.0 75.0 1 234 237 
317 56.0 75.0 1 237 277 
318 24.0 98.0 1 252 261 
319 40.0 98.0 1 261 264 
320 56.0 98.0 1 264 278 
321 20.0 100.0 1 174 177 192 252 
322 100.0 23.0 1 176 251 
323 100.0 29.0 1 179 254 
324 100.0 36.0 1 182 254 
325 100.0 44.0 1 185 257 
326 100.0 52.0 1 188 257 
327 96.0 28.0 1 206 254 
328 88.0 28.0 1 206 209 
329 80.0 28.0 1 209 212 
330 72.0 28.0 1 212 215 
331 96.0 36.0 1 218 254 
332 88.0 36.0 1 218 266 
333 96.0 44.0 1 221 257 
334 88.0 44.0 1 221 266 
335 96.0 52.0 1 224 257 
336 92.0 56.0 1 224 279 
337 84.0 48.0 1 239 266 
338 84.0 56.0 1 239 279 
339 79.0 48.0 1 242 266 
340 79.0 56.0 1 242 279 
341 75.0 48.0 1 245 266 
342 75.0 52.0 1 245 248 
343 75.0 56.0 1 248 279 
344 98.0 24.0 1 251 254 
345 98.0 40.0 1 254 257 
346 98.0 56.0 1 257 280 
347 97.0 20.0 1 191 251 
348 91.0 20.0 1 194 260 
349 84.0 20.0 1 197 260 
350 76.0 20.0 1 200 263 
351 68.0 20.0 1 203 263 
352 92.0 24.0 1 206 260 
353 92.0 32.0 1 206 218 
354 92.0 40.0 1 218 221 
355 92.0 48.0 1 221 224 
356 84.0 24.0 1 209 260 
357 84.0 32.0 1 209 266 
358 76.0 24.0 1 212 263 
359 76.0 32.0 1 212 266 
360 68.0 24.0 1 215 263 
361 64.0 28.0 1 215 276 
362 72.0 36.0 1 227 266 
363 64.0 36.0 1 227 276 
364 72.0 41.0 1 230 266 
365 64.0 41.0 1 230 276 
366 72.0 45.0 1 233 266 
367 68.0 45.0 1 233 236 
368 64.0 45.0 1 236 276 
369 96.0 22.0 1 251 260 
370 80.0 22.0 1 260 263 
371 64.0 22.0 1 263 275 
372 100.0 20.0 1 173 176 191 251 
373 100.0 97.0 1 178 253 
374 100.0 91.0 1 181 256 
375 100.0 84.0 1 184 256 
376 100.0 76.0 1 187 259 
377 100.0 68.0 1 190 259 
378 96.0 92.0 1 208 256 
379 88.0 92.0 1 208 211 
380 80.0 92.0 1 211 214 
381 72.0 92.0 1 214 217 
382 96.0 84.0 1 220 256 
383 88.0 84.0 1 220 268 
384 96.0 76.0 1 223 259 
385 88.0 76.0 1 223 268 
386 96.0 68.0 1 226 259 
387 92.0 64.0 1 226 279 
388 84.0 72.0 1 241 268 
389 84.0 64.0 1 241 279 
390 79.0 72.0 1 244 268 
391 79.0 64.0 1 244 279 
392 75.0 72.0 1 247 268 
393 75.0 68.0 1 247 250 
394 75.0 64.0 1 250 279 
395 98.0 96.0 1 253 256 
396 98.0 80.0 1 256 259 
397 98.0 64.0 1 259 280 
398 97.0 100.0 1 193 253 
399 91.0 100.0 1 196 262 
400 84.0 100.0 1 199 262 
401 76.0 100.0 1 202 265 
402 68.0 100.0 1 205 265 
403 92.0 96.0 1 208 262 
404 92.0 88.0 1 208 220 
405 92.0 80.0 1 220 223 
406 92.0 72.0 1 223 226 
407 84.0 96.0 1 211 262 
408 84.0 88.0 1 211 268 
409 76.0 96.0 1 214 265 
410 76.0 88.0 1 214 268 
411 68.0 96.0 1 217 265 
412 64.0 92.0 1 217 277 
413 72.0 84.0 1 229 268 
414 64.0 84.0 1 229 277 
415 72.0 79.0 1 232 268 
416 64.0 79.0 1 232 277 
417 72.0 75.0 1 235 268 
418 68.0 75.0 1 235 238 
419 64.0 75.0 1 238 277 
420 96.0 98.0 1 253 262 
421 80.0 98.0 1 262 265 
422 64.0 98.0 1 265 278 
423 100.0 100.0 1 175 178 193 253 
424 10.0 60.0 1 269 
425 20.0 60.0 1 269 273 
426 60.0 10.0 1 270 
427 60.0 20.0 1 270 275 
428 60.0 100.0 1 271 278 
429 60.0 110.0 1 271 
430 100.0 60.0 1 272 280 
431 110.0 60.0 1 272 
432 24.0 60.0 1 273 274 
433 48.0 60.0 1 274 281 
434 60.0 24.0 1 275 276 
435 60.0 48.0 1 276 281 
436 60.0 72.0 1 277 281 
437 60.0 96.0 1 277 278 
438 72.0 60.0 1 279 281 
439 96.0 60.0 1 279 280 
440 20.0 23.0 2 283 308 
441 20.0 29.0 2 284 309 
442 20.0 36.0 2 285 309 
443 20.0 44.0 2 286 310 
444 20.0 52.0 2 287 310 
445 24.0 28.0 2 293 309 
446 32.0 28.0 2 293 294 
447 40.0 28.0 2 294 295 
448 48.0 28.0 2 295 296 
449 24.0 36.0 2 297 309 
450 32.0 36.0 2 297 313 
451 24.0 44.0 2 298 310 
452 32.0 44.0 2 298 313 
453 24.0 52.0 2 299 310 
454 28.0 56.0 2 299 415 
455 36.0 48.0 2 304 313 
456 36.0 56.0 2 304 415 
457 41.0 48.0 2 305 313 
458 41.0 56.0 2 305 415 
459 45.0 48.0 2 306 313 
460 45.0 52.0 2 306 307 
461 45.0 56.0 2 307 415 
462 22.0 24.0 2 308 309 
463 22.0 40.0 2 309 310 
464 22.0 56.0 2 310 414 
465 23.0 20.0 2 288 308 
466 29.0 20.0 2 289 311 
467 36.0 20.0 2 290 311 
468 44.0 20.0 2 291 312 
469 52.0 20.0 2 292 312 
470 28.0 24.0 2 293 311 
471 28.0 32.0 2 293 297 
472 28.0 40.0 2 297 298 
473 28.0 48.0 2 298 299 
474 36.0 24.0 2 294 311 
475 36.0 32.0 2 294 313 
476 44.0 24.0 2 295 312 
477 44.0 32.0 2 295 313 
478 52.0 24.0 2 296 312 
479 56.0 28.0 2 296 417 
480 48.0 36.0 2 300 313 
481 56.0 36.0 2 300 417 
482 48.0 41.0 2 301 313 
483 56.0 41.0 2 301 417 
484 48.0 45.0 2 302 313 
485 52.0 45.0 2 302 303 
486 56.0 45.0 2 303 417 
487 24.0 22.0 2 308 311 
488 40.0 22.0 2 311 312 
489 56.0 22.0 2 312 416 
490 20.0 20.0 2 282 283 288 308 
491 20.0 97.0 2 318 393 
492 20.0 91.0 2 321 396 
493 20.0 84.0 2 324 396 
494 20.0 76.0 2 327 399 
495 20.0 68.0 2 330 399 
496 24.0 92.0 2 348 396 
497 32.0 92.0 2 348 351 
498 40.0 92.0 2 351 354 
499 48.0 92.0 2 354 357 
500 24.0 84.0 2 360 396 
501 32.0 84.0 2 360 408 
502 24.0 76.0 2 363 399 
503 32.0 76.0 2 363 408 
504 24.0 68.0 2 366 399 
505 28.0 64.0 2 366 415 
506 36.0 72.0 2 381 408 
507 36.0 64.0 2 381 415 
508 41.0 72.0 2 384 408 
509 41.0 64.0 2 384 415 
510 45.0 72.0 2 387 408 
511 45.0 68.0 2 387 390 
512 45.0 64.0 2 390 415 
513 22.0 96.0 2 393 396 
514 22.0 80.0 2 396 399 
515 22.0 64.0 2 399 414 
516 23.0 100.0 2 333 393 
517 29.0 100.0 2 336 402 
518 36.0 100.0 2 339 402 
519 44.0 100.0 2 342 405 
520 52.0 100.0 2 345 405 
521 28.0 96.0 2 348 402 
522 28.0 88.0 2 348 360 
523 28.0 80.0 2 360 363 
524 28.0 72.0 2 363 366 
525 36.0 96.0 2 351 402 
526 36.0 88.0 2 351 408 
527 44.0 96.0 2 354 405 
528 44.0 88.0 2 354 408 
529 52.0 96.0 2 357 405 
530 56.0 92.0 2 357 418 
531 48.0 84.0 2 369 408 
532 56.0 84.0 2 369 418 
533 48.0 79.0 2 372 408 
534 56.0 79.0 2 372 418 
535 48.0 75.0 2 375 408 
536 52.0 75.0 2 375 378 
537 56.0 75.0 2 378 418 
538 24.0 98.0 2 393 402 
539 40.0 98.0 2 402 405 
540 56.0 98.0 2 405 419 
541 20.0 100.0 2 315 318 333 393 
542 100.0 23.0 2 317 392 
543 100.0 29.0 2 320 395 
544 100.0 36.0 2 323 395 
545 100.0 44.0 2 326 398 
546 100.0 52.0 2 329 398 
547 96.0 28.0 2 347 395 
548 88.0 28.0 2 347 350 
549 80.0 28.0 2 350 353 
550 72.0 28.0 2 353 356 
551 96.0 36.0 2 359 395 
552 88.0 36.0 2 359 407 
553 96.0 44.0 2 362 398 
554 88.0 44.0 2 362 407 
555 96.0 52.0 2 365 398 
556 92.0 56.0 2 365 420 
557 84.0 48.0 2 380 407 
558 84.0 56.0 2 380 420 
559 79.0 48.0 2 383 407 
560 79.0 56.0 2 383 420 
561 75.0 48.0 2 386 407 
562 75.0 52.0 2 386 389 
563 75.0 56.0 2 389 420 
564 98.0 24.0 2 392 395 
565 98.0 40.0 2 395 398 
566 98.0 56.0 2 398 421 
567 97.0 20.0 2 332 392 
568 91.0 20.0 2 335 401 
569 84.0 20.0 2 338 401 
570 76.0 20.0 2 341 404 
571 68.0 20.0 2 344 404 
572 92.0 24.0 2 347 401 
573 92.0 32.0 2 347 359 
574 92.0 40.0 2 359 362 
575 92.0 48.0 2 362 365 
576 84.0 24.0 2 350 401 
577 84.0 32.0 2 350 407 
578 76.0 24.0 2 353 404 
579 76.0 32.0 2 353 407 
580 68.0 24.0 2 356 404 
581 64.0 28.0 2 356 417 
582 72.0 36.0 2 368 407 
583 64.0 36.0 2 368 417 
584 72.0 41.0 2 371 407 
585 64.0 41.0 2 371 417 
586 72.0 45.0 2 374 407 
587 68.0 45.0 2 374 377 
588 64.0 45.0 2 377 417 
589 96.0 22.0 2 392 401 
590 80.0 22.0 2 401 404 
591 64.0 22.0 2 404 416 
592 100.0 20.0 2 314 317 332 392 
593 100.0 97.0 2 319 394 
594 100.0 91.0 2 322 397 
595 100.0 84.0 2 325 397 
596 100.0 76.0 2 328 400 
597 100.0 68.0 2 331 400 
598 96.0 92.0 2 349 397 
599 88.0 92.0 2 349 352 
600 80.0 92.0 2 352 355 
601 72.0 92.0 2 355 358 
602 96.0 84.0 2 361 397 
603 88.0 84.0 2 361 409 
604 96.0 76.0 2 364 400 
605 88.0 76.0 2 364 409 
606 96.0 68.0 2 367 400 
607 92.0 64.0 2 367 420 
608 84.0 72.0 2 382 409 
609 84.0 64.0 2 382 420 
610 79.0 72.0 2 385 409 
611 79.0 64.0 2 385 420 
612 75.0 72.0 2 388 409 
613 75.0 68.0 2 388 391 
614 75.0 64.0 2 391 420 
615 98.0 96.0 2 394 397 
616 98.0 80.0 2 397 400 
617 98.0 64.0 2 400 421 
618 97.0 100.0 2 334 394 
619 91.0 100.0 2 337 403 
620 84.0 100.0 2 340 403 
621 76.0 100.0 2 343 406 
622 68.0 100.0 2 346 406 
623 92.0 96.0 2 349 403 
624 92.0 88.0 2 349 361 
625 92.0 80.0 2 361 364 
626 92.0 72.0 2 364 367 
627 84.0 96.0 2 352 403 
628 84.0 88.0 2 352 409 
629 76.0 96.0 2 355 406 
630 76.0 88.0 2 355 409 
631 68.0 96.0 2 358 406 
632 64.0 92.0 2 358 418 
633 72.0 84.0 2 370 409 
634 64.0 84.0 2 370 418 
635 72.0 79.0 2 373 409 
636 64.0 79.0 2 373 418 
637 72.0 75.0 2 376 409 
638 68.0 75.0 2 376 379 
639 64.0 75.0 2 379 418 
640 96.0 98.0 2 394 403 
641 80.0 98.0 2 403 406 
642 64.0 98.0 2 406 419 
643 100.0 100.0 2 316 319 334 394 
644 10.0 60.0 2 410 
645 20.0 60.0 2 410 414 
646 60.0 10.0 2 411 
647 60.0 20.0 2 411 416 
648 60.0 100.0 2 412 419 
649 60.0 110.0 2 412 
650 100.0 60.0 2 413 421 
651 110.0 60.0 2 413 
652 24.0 60.0 2 414 415 
653 48.0 60.0 2 415 422 
654 60.0 24.0 2 416 417 
655 60.0 48.0 2 417 422 
656 60.0 72.0 2 418 422 
657 60.0 96.0 2 418 419 
658 72.0 60.0 2 420 422 
659 96.0 60.0 2 420 421 
660 20.0 23.0 3 424 449 
661 20.0 29.0 3 425 450 
662 20.0 36.0 3 426 450 
663 20.0 44.0 3 427 451 
664 20.0 52.0 3 428 451 
665 24.0 28.0 3 434 450 
666 32.0 28.0 3 434 435 
667 40.0 28.0 3 435 436 
668 48.0 28.0 3 436 437 
669 24.0 36.0 3 438 450 
670 32.0 36.0 3 438 454 
671 24.0 44.0 3 439 451 
672 32.0 44.0 3 439 454 
673 24.0 52.0 3 440 451 
674 28.0 56.0 3 440 556 
675 36.0 48.0 3 445 454 
676 36.0 56.0 3 445 556 
677 41.0 48.0 3 446 454 
678 41.0 56.0 3 446 556 
679 45.0 48.0 3 447 454 
680 45.0 52.0 3 447 448 
681 45.0 56.0 3 448 556 
682 22.0 24.0 3 449 450 
683 22.0 40.0 3 450 451 
684 22.0 56.0 3 451 555 
685 23.0 20.0 3 429 449 
686 29.0 20.0 3 430 452 
687 36.0 20.0 3 431 452 
688 44.0 20.0 3 432 453 
689 52.0 20.0 3 433 453 
690 28.0 24.0 3 434 452 
691 28.0 32.0 3 434 438 
692 28.0 40.0 3 438 439 
693 28.0 48.0 3 439 440 
694 36.0 24.0 3 435 452 
695 36.0 32.0 3 435 454 
696 44.0 24.0 3 436 453 
697 44.0 32.0 3 436 454 
698 52.0 24.0 3 437 453 
699 56.0 28.0 3 437 558 
700 48.0 36.0 3 441 454 
701 56.0 36.0 3 441 558 
702 48.0 41.0 3 442 454 
703 56.0 41.0 3 442 558 
704 48.0 45.0 3 443 454 
705 52.0 45.0 3 443 444 
706 56.0 45.0 3 444 558 
707 24.0 22.0 3 449 452 
708 40.0 22.0 3 452 453 
709 56.0 22.0 3 453 557 
710 20.0 20.0 3 423 424 429 449 
711 20.0 97.0 3 459 534 
712 20.0 91.0 3 462 537 
713 20.0 84.0 3 465 537 
714 20.0 76.0 3 468 540 
715 20.0 68.0 3 471 540 
716 24.0 92.0 3 489 537 
717 32.0 92.0 3 489 492 
718 40.0 92.0 3 492 495 
719 48.0 92.0 3 495 498 
720 24.0 84.0 3 501 537 
721 32.0 84.0 3 501 549 
722 24.0 76.0 3 504 540 
723 32.0 76.0 3 504 549 
724 24.0 68.0 3 507 540 
725 28.0 64.0 3 507 556 
726 36.0 72.0 3 522 549 
727 36.0 64.0 3 522 556 
728 41.0 72.0 3 525 549 
729 41.0 64.0 3 525 556 
730 45.0 72.0 3 528 549 
731 45.0 68.0 3 528 531 
732 45.0 64.0 3 531 556 
733 22.0 96.0 3 534 537 
734 22.0 80.0 3 537 540 
735 22.0 64.0 3 540 555 
736 23.0 100.0 3 474 534 
737 29.0 100.0 3 477 543 
738 36.0 100.0 3 480 543 
739 44.0 100.0 3 483 546 
740 52.0 100.0 3 486 546 
741 28.0 96.0 3 489 543 
742 28.0 88.0 3 489 501 
743 28.0 80.0 3 501 504 
744 28.0 72.0 3 504 507 
745 36.0 96.0 3 492 543 
746 36.0 88.0 3 492 549 
747 44.0 96.0 3 495 546 
748 44.0 88.0 3 495 549 
749 52.0 96.0 3 498 546 
750 56.0 92.0 3 498 559 
751 48.0 84.0 3 510 549 
752 56.0 84.0 3 510 559 
753 48.0 79.0 3 513 549 
754 56.0 79.0 3 513 559 
755 48.0 75.0 3 516 549 
756 52.0 75.0 3 516 519 
757 56.0 75.0 3 519 559 
758 24.0 98.0 3 534 543 
759 40.0 98.0 3 543 546 
760 56.0 98.0 3 546 560 
761 20.0 100.0 3 456 459 474 534 
762 100.0 23.0 3 458 533 
763 100.0 29.0 3 461 536 
764 100.0 36.0 3 464 536 
765 100.0 44.0 3 467 539 
766 100.0 52.0 3 470 539 
767 96.0 28.0 3 488 536 
768 88.0 28.0 3 488 491 
769 80.0 28.0 3 491 494 
770 72.0 28.0 3 494 497 
771 96.0 36.0 3 500 536 
772 88.0 36.0 3 500 548 
773 96.0 44.0 3 503 539 
774 88.0 44.0 3 503 548 
775 96.0 52.0 3 506 539 
776 92.0 56.0 3 506 561 
777 84.0 48.0 3 521 548 
778 84.0 56.0 3 521 561 
779 79.0 48.0 3 524 548 
780 79.0 56.0 3 524 561 
781 75.0 48.0 3 527 548 
782 75.0 52.0 3 527 530 
783 75.0 56.0 3 530 561 
784 98.0 24.0 3 533 536 
785 98.0 40.0 3 536 539 
786 98.0 56.0 3 539 562 
787 97.0 20.0 3 473 533 
788 91.0 20.0 3 476 542 
789 84.0 20.0 3 479 542 
790 76.0 20.0 3 482 545 
791 68.0 20.0 3 485 545 
792 92.0 24.0 3 488 542 
793 92.0 32.0 3 488 500 
794 92.0 40.0 3 500 503 
795 92.0 48.0 3 503 506 
796 84.0 24.0 3 491 542 
797 84.0 32.0 3 491 548 
798 76.0 24.0 3 494 545 
799 76.0 32.0 3 494 548 
800 68.0 24.0 3 497 545 
801 64.0 28.0 3 497 558 
802 72.0 36.0 3 509 548 
803 64.0 36.0 3 509 558 
804 72.0 41.0 3 512 548 
805 64.0 41.0 3 512 558 
806 72.0 45.0 3 515 548 
807 68.0 45.0 3 515 518 
808 64.0 45.0 3 518 558 
809 96.0 22.0 3 533 542 
810 80.0 22.0 3 542 545 
811 64.0 22.0 3 545 557 
812 100.0 20.0 3 455 458 473 533 
813 100.0 97.0 3 460 535 
814 100.0 91.0 3 463 538 
815 100.0 84.0 3 466 538 
816 100.0 76.0 3 469 541 
817 100.0 68.0 3 472 541 
818 96.0 92.0 3 490 538 
819 88.0 92.0 3 490 493 
820 80.0 92.0 3 493 496 
821 72.0 92.0 3 496 499 
822 96.0 84.0 3 502 538 
823 88.0 84.0 3 502 550 
824 96.0 76.0 3 505 541 
825 88.0 76.0 3 505 550 
826 96.0 68.0 3 508 541 
827 92.0 64.0 3 508 561 
828 84.0 72.0 3 523 550 
829 84.0 64.0 3 523 561 
830 79.0 72.0 3 526 550 
831 79.0 64.0 3 526 561 
832 75.0 72.0 3 529 550 
833 75.0 68.0 3 529 532 
834 75.0 64.0 3 532 561 
835 98.0 96.0 3 535 538 
836 98.0 80.0 3 538 541 
837 98.0 64.0 3 541 562 
838 97.0 100.0 3 475 535 
839 91.0 100.0 3 478 544 
840 84.0 100.0 3 481 544 
841 76.0 100.0 3 484 547 
842 68.0 100.0 3 487 547 
843 92.0 96.0 3 490 544 
844 92.0 88.0 3 490 502 
845 92.0 80.0 3 502 505 
846 92.0 72.0 3 505 508 
847 84.0 96.0 3 493 544 
848 84.0 88.0 3 493 550 
849 76.0 96.0 3 496 547 
850 76.0 88.0 3 496 550 
851 68.0 96.0 3 499 547 
852 64.0 92.0 3 499 559 
853 72.0 84.0 3 511 550 
854 64.0 84.0 3 511 559 
855 72.0 79.0 3 514 550 
856 64.0 79.0 3 514 559 
857 72.0 75.0 3 517 550 
858 68.0 75.0 3 517 520 
859 64.0 75.0 3 520 559 
860 96.0 98.0 3 535 544 
861 80.0 98.0 3 544 547 
862 64.0 98.0 3 547 560 
863 100.0 100.0 3 457 460 475 535 
864 10.0 60.0 3 551 
865 20.0 60.0 3 551 555 
866 60.0 10.0 3 552 
867 60.0 20.0 3 552 557 
868 60.0 100.0 3 553 560 
869 60.0 110.0 3 553 
870 100.0 60.0 3 554 562 
871 110.0 60.0 3 554 
872 24.0 60.0 3 555 556 
873 48.0 60.0 3 556 563 
874 60.0 24.0 3 557 558 
875 60.0 48.0 3 558 563 
876 60.0 72.0 3 559 563 
877 60.0 96.0 3 559 560 
878 72.0 60.0 3 561 563 
879 96.0 60.0 3 561 562 
880 20.0 23.0 4 565 590 
881 20.0 29.0 4 566 591 
882 20.0 36.0 4 567 591 
883 20.0 44.0 4 568 592 
884 20.0 52.0 4 569 592 
885 24.0 28.0 4 575 591 
886 32.0 28.0 4 575 576 
887 40.0 28.0 4 576 577 
888 48.0 28.0 4 577 578 
889 24.0 36.0 4 579 591 
890 32.0 36.0 4 579 595 
891 24.0 44.0 4 580 592 
892 32.0 44.0 4 580 595 
893 24.0 52.0 4 581 592 
894 28.0 56.0 4 581 697 
895 36.0 48.0 4 586 595 
896 36.0 56.0 4 586 697 
897 41.0 48.0 4 587 595 
898 41.0 56.0 4 587 697 
899 45.0 48.0 4 588 595 
900 45.0 52.0 4 588 589 
901 45.0 56.0 4 589 697 
902 22.0 24.0 4 590 591 
903 22.0 40.0 4 591 592 
904 22.0 56.0 4 592 696 
905 23.0 20.0 4 570 590 
906 29.0 20.0 4 571 593 
907 36.0 20.0 4 572 593 
908 44.0 20.0 4 573 594 
909 52.0 20.0 4 574 594 
910 28.0 24.0 4 575 593 
911 28.0 32.0 4 575 579 
912 28.0 40.0 4 579 580 
913 28.0 48.0 4 580 581 
914 36.0 24.0 4 576 593 
915 36.0 32.0 4 576 595 
916 44.0 24.0 4 577 594 
917 44.0 32.0 4 577 595 
918 52.0 24.0 4 578 594 
919 56.0 28.0 4 578 699 
920 48.0 36.0 4 582 595 
921 56.0 36.0 4 582 699 
922 48.0 41.0 4 583 595 
923 56.0 41.0 4 583 699 
924 48.0 45.0 4 584 595 
925 52.0 45.0 4 584 585 
926 56.0 45.0 4 585 699 
927 24.0 22.0 4 590 593 
928 40.0 22.0 4 593 594 
929 56.0 22.0 4 594 698 
930 20.0 20.0 4 564 565 570 590 
931 20.0 97.0 4 600 675 
932 20.0 91.0 4 603 678 
933 20.0 84.0 4 606 678 
934 20.0 76.0 4 609 681 
935 20.0 68.0 4 612 681 
936 24.0 92.0 4 630 678 
937 32.0 92.0 4 630 633 
938 40.0 92.0 4 633 636 
939 48.0 92.0 4 636 639 
940 24.0 84.0 4 642 678 
941 32.0 84.0 4 642 690 
942 24.0 76.0 4 645 681 
943 32.0 76.0 4 645 690 
944 24.0 68.0 4 648 681 
945 28.0 64.0 4 648 697 
946 36.0 72.0 4 663 690 
947 36.0 64.0 4 663 697 
948 41.0 72.0 4 666 690 
949 41.0 64.0 4 666 697 
950 45.0 72.0 4 669 690 
951 45.0 68.0 4 669 672 
952 45.0 64.0 4 672 697 
953 22.0 96.0 4 675 678 
954 22.0 80.0 4 678 681 
955 22.0 64.0 4 681 696 
956 23.0 100.0 4 615 675 
957 29.0 100.0 4 618 684 
958 36.0 100.0 4 621 684 
959 44.0 100.0 4 624 687 
960 52.0 100.0 4 627 687 
961 28.0 96.0 4 630 684 
962 28.0 88.0 4 630 642 
963 28.0 80.0 4 642 645 
964 28.0 72.0 4 645 648 
965 36.0 96.0 4 633 684 
966 36.0 88.0 4 633 690 
967 44.0 96.0 4 636 687 
968 44.0 88.0 4 636 690 
969 52.0 96.0 4 639 687 
970 56.0 92.0 4 639 700 
971 48.0 84.0 4 651 690 
972 56.0 84.0 4 651 700 
973 48.0 79.0 4 654 690 
974 56.0 79.0 4 654 700 
975 48.0 75.0 4 657 690 
976 52.0 75.0 4 657 660 
977 56.0 75.0 4 660 700 
978 24.0 98.0 4 675 684 
979 40.0 98.0 4 684 687 
980 56.0 98.0 4 687 701 
981 20.0 100.0 4 597 600 615 675 
982 100.0 23.0 4 599 674 
983 100.0 29.0 4 602 677 
984 100.0 36.0 4 605 677 
985 100.0 44.0 4 608 680 
986 100.0 52.0 4 611 680 
987 96.0 28.0 4 629 677 
988 88.0 28.0 4 629 632 
989 80.0 28.0 4 632 635 
990 72.0 28.0 4 635 638 
991 96.0 36.0 4 641 677 
992 88.0 36.0 4 641 689 
993 96.0 44.0 4 644 680 
994 88.0 44.0 4 644 689 
995 96.0 52.0 4 647 680 
996 92.0 56.0 4 647 702 
997 84.0 48.0 4 662 689 
998 84.0 56.0 4 662 702 
999 79.0 48.0 4 665 689 
1000 79.0 56.0 4 665 702 
1001 75.0 48.0 4 668 689 
1002 75.0 52.0 4 668 671 
1003 75.0 56.0 4 671 702 
1004 98.0 24.0 4 674 677 
1005 98.0 40.0 4 677 680 
1006 98.0 56.0 4 680 703 
1007 97.0 20.0 4 614 674 
1008 91.0 20.0 4 617 683 
1009 84.0 20.0 4 620 683 
1010 76.0 20.0 4 623 686 
1011 68.0 20.0 4 626 686 
1012 92.0 24.0 4 629 683 
1013 92.0 32.0 4 629 641 
1014 92.0 40.0 4 641 644 
1015 92.0 48.0 4 644 647 
1016 84.0 24.0 4 632 683 
1017 84.0 32.0 4 632 689 
1018 76.0 24.0 4 635 686 
1019 76.0 32.0 4 635 689 
1020 68.0 24.0 4 638 686 
1021 64.0 28.0 4 638 699 
1022 72.0 36.0 4 650 689 
1023 64.0 36.0 4 650 699 
1024 72.0 41.0 4 653 689 
1025 64.0 41.0 4 653 699 
1026 72.0 45.0 4 656 689 
1027 68.0 45.0 4 656 659 
1028 64.0 45.0 4 659 699 
1029 96.0 22.0 4 674 683 
1030 80.0 22.0 4 683 686 
1031 64.0 22.0 4 686 698 
1032 100.0 20.0 4 596 599 614 674 
1033 100.0 97.0 4 601 676 
1034 100.0 91.0 4 604 679 
1035 100.0 84.0 4 607 679 
1036 100.0 76.0 4 610 682 
1037 100.0 68.0 4 613 682 
1038 96.0 92.0 4 631 679 
1039 88.0 92.0 4 631 634 
1040 80.0 92.0 4 634 637 
1041 72.0 92.0 4 637 640 
1042 96.0 84.0 4 643 679 
1043 88.0 84.0 4 643 691 
1044 96.0 76.0 4 646 682 
1045 88.0 76.0 4 646 691 
1046 96.0 68.0 4 649 682 
1047 92.0 64.0 4 649 702 
1048 84.0 72.0 4 664 691 
1049 84.0 64.0 4 664 702 
1050 79.0 72.0 4 667 691 
1051 79.0 64.0 4 667 702 
1052 75.0 72.0 4 670 691 
1053 75.0 68.0 4 670 673 
1054 75.0 64.0 4 673 702 
1055 98.0 96.0 4 676 679 
1056 98.0 80.0 4 679 682 
1057 98.0 64.0 4 682 703 
1058 97.0 100.0 4 616 676 
1059 91.0 100.0 4 619 685 
1060 84.0 100.0 4 622 685 
1061 76.0 100.0 4 625 688 
1062 68.0 100.0 4 628 688 
1063 92.0 96.0 4 631 685 
1064 92.0 88.0 4 631 643 
1065 92.0 80.0 4 643 646 
1066 92.0 72.0 4 646 649 
1067 84.0 96.0 4 634 685 
1068 84.0 88.0 4 634 691 
1069 76.0 96.0 4 637 688 
1070 76.0 88.0 4 637 691 
1071 68.0 96.0 4 640 688 
1072 64.0 92.0 4 640 700 
1073 72.0 84.0 4 652 691 
1074 64.0 84.0 4 652 700 
1075 72.0 79.0 4 655 691 
1076 64.0 79.0 4 655 700 
1077 72.0 75.0 4 658 691 
1078 68.0 75.0 4 658 661 
1079 64.0 75.0 4 661 700 
1080 96.0 98.0 4 676 685 
1081 80.0 98.0 4 685 688 
1082 64.0 98.0 4 688 701 
1083 100.0 100.0 4 598 601 616 676 
1084 10.0 60.0 4 692 
1085 20.0 60.0 4 692 696 
1086 60.0 10.0 4 693 
1087 60.0 20.0 4 693 698 
1088 60.0 100.0 4 694 701 
1089 60.0 110.0 4 694 
1090 100.0 60.0 4 695 703 
1091 110.0 60.0 4 695 
1092 24.0 60.0 4 696 697 
1093 48.0 60.0 4 697 704 
1094 60.0 24.0 4 698 699 
1095 60.0 48.0 4 699 704 
1096 60.0 72.0 4 700 704 
1097 60.0 96.0 4 700 701 
1098 72.0 60.0 4 702 704 
1099 96.0 60.0 4 702 703 
1100 20.0 23.0 5 706 731 
1101 20.0 29.0 5 707 732 
1102 20.0 36.0 5 708 732 
1103 20.0 44.0 5 709 733 
1104 20.0 52.0 5 710 733 
1105 24.0 28.0 5 716 732 
1106 32.0 28.0 5 716 717 
1107 40.0 28.0 5 717 718 
1108 48.0 28.0 5 718 719 
1109 24.0 36.0 5 720 732 
1110 32.0 36.0 5 720 736 
1111 24.0 44.0 5 721 733 
1112 32.0 44.0 5 721 736 
1113 24.0 52.0 5 722 733 
1114 28.0 56.0 5 722 838 
1115 36.0 48.0 5 727 736 
1116 36.0 56.0 5 727 838 
1117 41.0 48.0 5 728 736 
1118 41.0 56.0 5 728 838 
1119 45.0 48.0 5 729 736 
1120 45.0 52.0 5 729 730 
1121 45.0 56.0 5 730 838 
1122 22.0 24.0 5 731 732 
1123 22.0 40.0 5 732 733 
1124 22.0 56.0 5 733 837 
1125 23.0 20.0 5 711 731 
1126 29.0 20.0 5 712 734 
1127 36.0 20.0 5 713 734 
1128 44.0 20.0 5 714 735 
1129 52.0 20.0 5 715 735 
1130 28.0 24.0 5 716 734 
1131 28.0 32.0 5 716 720 
1132 28.0 40.0 5 720 721 
1133 28.0 48.0 5 721 722 
1134 36.0 24.0 5 717 734 
1135 36.0 32.0 5 717 736 
1136 44.0 24.0 5 718 735 
1137 44.0 32.0 5 718 736 
1138 52.0 24.0 5 719 735 
1139 56.0 28.0 5 719 840 
1140 48.0 36.0 5 723 736 
1141 56.0 36.0 5 723 840 
1142 48.0 41.0 5 724 736 
1143 56.0 41.0 5 724 840 
1144 48.0 45.0 5 725 736 
1145 52.0 45.0 5 725 726 
1146 56.0 45.0 5 726 840 
1147 24.0 22.0 5 731 734 
1148 40.0 22.0 5 734 735 
1149 56.0 22.0 5 735 839 
1150 20.0 20.0 5 705 706 711 731 
1151 20.0 97.0 5 741 816 
1152 20.0 91.0 5 744 819 
1153 20.0 84.0 5 747 819 
1154 20.0 76.0 5 750 822 
1155 20.0 68.0 5 753 822 
1156 24.0 92.0 5 771 819 
1157 32.0 92.0 5 771 774 
1158 40.0 92.0 5 774 777 
1159 48.0 92.0 5 777 780 
1160 24.0 84.0 5 783 819 
1161 32.0 84.0 5 783 831 
1162 24.0 76.0 5 786 822 
1163 32.0 76.0 5 786 831 
1164 24.0 68.0 5 789 822 
1165 28.0 64.0 5 789 838 
1166 36.0 72.0 5 804 831 
1167 36.0 64.0 5 804 838 
1168 41.0 72.0 5 807 831 
1169 41.0 64.0 5 807 838 
1170 45.0 72.0 5 810 831 
1171 45.0 68.0 5 810 813 
1172 45.0 64.0 5 813 838 
1173 22.0 96.0 5 816 819 
1174 22.0 80.0 5 819 822 
1175 22.0 64.0 5 822 837 
1176 23.0 100.0 5 756 816 
1177 29.0 100.0 5 759 825 
1178 36.0 100.0 5 762 825 
1179 44.0 100.0 5 765 828 
1180 52.0 100.0 5 768 828 
1181 28.0 96.0 5 771 825 
1182 28.0 88.0 5 771 783 
1183 28.0 80.0 5 783 786 
1184 28.0 72.0 5 786 789 
1185 36.0 96.0 5 774 825 
1186 36.0 88.0 5 774 831 
1187 44.0 96.0 5 777 828 
1188 44.0 88.0 5 777 831 
1189 52.0 96.0 5 780 828 
1190 56.0 92.0 5 780 841 
1191 48.0 84.0 5 792 831 
1192 56.0 84.0 5 792 841 
1193 48.0 79.0 5 795 831 
1194 56.0 79.0 5 795 841 
1195 48.0 75.0 5 798 831 
1196 52.0 75.0 5 798 801 
1197 56.0 75.0 5 801 841 
1198 24.0 98.0 5 816 825 
1199 40.0 98.0 5 825 828 
1200 56.0 98.0 5 828 842 
1201 20.0 100.0 5 738 741 756 816 
1202 100.0 23.0 5 740 815 
1203 100.0 29.0 5 743 818 
1204 100.0 36.0 5 746 818 
1205 100.0 44.0 5 749 821 
1206 100.0 52.0 5 752 821 
1207 96.0 28.0 5 770 818 
1208 88.0 28.0 5 770 773 
1209 80.0 28.0 5 773 776 
1210 72.0 28.0 5 776 779 
1211 96.0 36.0 5 782 818 
1212 88.0 36.0 5 782 830 
1213 96.0 44.0 5 785 821 
1214 88.0 44.0 5 785 830 
1215 96.0 52.0 5 788 821 
1216 92.0 56.0 5 788 843 
1217 84.0 48.0 5 803 830 
1218 84.0 56.0 5 803 843 
1219 79.0 48.0 5 806 830 
1220 79.0 56.0 5 806 843 
1221 75.0 48.0 5 809 830 
1222 75.0 52.0 5 809 812 
1223 75.0 56.0 5 812 843 
1224 98.0 24.0 5 815 818 
1225 98.0 40.0 5 818 821 
1226 98.0 56.0 5 821 844 
1227 97.0 20.0 5 755 815 
1228 91.0 20.0 5 758 824 
1229 84.0 20.0 5 761 824 
1230 76.0 20.0 5 764 827 
1231 68.0 20.0 5 767 827 
1232 92.0 24.0 5 770 824 
1233 92.0 32.0 5 770 782 
1234 92.0 40.0 5 782 785 
1235 92.0 48.0 5 785 788 
1236 84.0 24.0 5 773 824 
1237 84.0 32.0 5 773 830 
1238 76.0 24.0 5 776 827 
1239 76.0 32.0 5 776 830 
1240 68.0 24.0 5 779 827 
1241 64.0 28.0 5 779 840 
1242 72.0 36.0 5 791 830 
1243 64.0 36.0 5 791 840 
1244 72.0 41.0 5 794 830 
1245 64.0 41.0 5 794 840 
1246 72.0 45.0 5 797 830 
1247 68.0 45.0 5 797 800 
1248 64.0 45.0 5 800 840 
1249 96.0 22.0 5 815 824 
1250 80.0 22.0 5 824 827 
1251 64.0 22.0 5 827 839 
1252 100.0 20.0 5 737 740 755 815 
1253 100.0 97.0 5 742 817 
1254 100.0 91.0 5 745 820 
1255 100.0 84.0 5 748 820 
1256 100.0 76.0 5 751 823 
1257 100.0 68.0 5 754 823 
1258 96.0 92.0 5 772 820 
1259 88.0 92.0 5 772 775 
1260 80.0 92.0 5 775 778 
1261 72.0 92.0 5 778 781 
1262 96.0 84.0 5 784 820 
1263 88.0 84.0 5 784 832 
1264 96.0 76.0 5 787 823 
1265 88.0 76.0 5 787 832 
1266 96.0 68.0 5 790 823 
1267 92.0 64.0 5 790 843 
1268 84.0 72.0 5 805 832 
1269 84.0 64.0 5 805 843 
1270 79.0 72.0 5 808 832 
1271 79.0 64.0 5 808 843 
1272 75.0 72.0 5 811 832 
1273 75.0 68.0 5 811 814 
1274 75.0 64.0 5 814 843 
1275 98.0 96.0 5 817 820 
1276 98.0 80.0 5 820 823 
1277 98.0 64.0 5 823 844 
1278 97.0 100.0 5 757 817 
1279 91.0 100.0 5 760 826 
1280 84.0 100.0 5 763 826 
1281 76.0 100.0 5 766 829 
1282 68.0 100.0 5 769 829 
1283 92.0 96.0 5 772 826 
1284 92.0 88.0 5 772 784 
1285 92.0 80.0 5 784 787 
1286 92.0 72.0 5 787 790 
1287 84.0 96.0 5 775 826 
1288 84.0 88.0 5 775 832 
1289 76.0 96.0 5 778 829 
1290 76.0 88.0 5 778 832 
1291 68.0 96.0 5 781 829 
1292 64.0 92.0 5 781 841 
1293 72.0 84.0 5 793 832 
1294 64.0 84.0 5 793 841 
1295 72.0 79.0 5 796 832 
1296 64.0 79.0 5 796 841 
1297 72.0 75.0 5 799 832 
1298 68.0 75.0 5 799 802 
1299 64.0 75.0 5 802 841 
1300 96.0 98.0 5 817 826 
1301 80.0 98.0 5 826 829 
1302 64.0 98.0 5 829 842 
1303 100.0 100.0 5 739 742 757 817 
1304 10.0 60.0 5 833 
1305 20.0 60.0 5 833 837 
1306 60.0 10.0 5 834 
1307 60.0 20.0 5 834 839 
1308 60.0 100.0 5 835 842 
1309 60.0 110.0 5 835 
1310 100.0 60.0 5 836 844 
1311 110.0 60.0 5 836 
1312 24.0 60.0 5 837 838 
1313 48.0 60.0 5 838 845 
1314 60.0 24.0 5 839 840 
1315 60.0 48.0 5 840 845 
1316 60.0 72.0 5 841 845 
1317 60.0 96.0 5 841 842 
1318 72.0 60.0 5 843 845 
1319 96.0 60.0 5 843 844 
1320 20.0 23.0 6 847 872 
1321 20.0 29.0 6 848 873 
1322 20.0 36.0 6 849 873 
1323 20.0 44.0 6 850 874 
1324 20.0 52.0 6 851 874 
1325 24.0 28.0 6 857 873 
1326 32.0 28.0 6 857 858 
1327 40.0 28.0 6 858 859 
1328 48.0 28.0 6 859 860 
1329 24.0 36.0 6 861 873 
1330 32.0 36.0 6 861 877 
1331 24.0 44.0 6 862 874 
1332 32.0 44.0 6 862 877 
1333 24.0 52.0 6 863 874 
1334 28.0 56.0 6 863 979 
1335 36.0 48.0 6 868 877 
1336 36.0 56.0 6 868 979 
1337 41.0 48.0 6 869 877 
1338 41.0 56.0 6 869 979 
1339 45.0 48.0 6 870 877 
1340 45.0 52.0 6 870 871 
1341 45.0 56.0 6 871 979 
1342 22.0 24.0 6 872 873 
1343 22.0 40.0 6 873 874 
1344 22.0 56.0 6 874 978 
1345 23.0 20.0 6 852 872 
1346 29.0 20.0 6 853 875 
1347 36.0 20.0 6 854 875 
1348 44.0 20.0 6 855 876 
1349 52.0 20.0 6 856 876 
1350 28.0 24.0 6 857 875 
1351 28.0 32.0 6 857 861 
1352 28.0 40.0 6 861 862 
1353 28.0 48.0 6 862 863 
1354 36.0 24.0 6 858 875 
1355 36.0 32.0 6 858 877 
1356 44.0 24.0 6 859 876 
1357 44.0 32.0 6 859 877 
1358 52.0 24.0 6 860 876 
1359 56.0 28.0 6 860 981 
1360 48.0 36.0 6 864 877 
1361 56.0 36.0 6 864 981 
1362 48.0 41.0 6 865 877 
1363 56.0 41.0 6 865 981 
1364 48.0 45.0 6 866 877 
1365 52.0 45.0 6 866 867 
1366 56.0 45.0 6 867 981 
1367 24.0 22.0 6 872 875 
1368 40.0 22.0 6 875 876 
1369 56.0 22.0 6 876 980 
1370 20.0 20.0 6 846 847 852 872 
1371 20.0 97.0 6 882 957 
1372 20.0 91.0 6 885 960 
1373 20.0 84.0 6 888 960 
1374 20.0 76.0 6 891 963 
1375 20.0 68.0 6 894 963 
1376 24.0 92.0 6 912 960 
1377 32.0 92.0 6 912 915 
1378 40.0 92.0 6 915 918 
1379 48.0 92.0 6 918 921 
1380 24.0 84.0 6 924 960 
1381 32.0 84.0 6 924 972 
1382 24.0 76.0 6 927 963 
1383 32.0 76.0 6 927 972 
1384 24.0 68.0 6 930 963 
1385 28.0 64.0 6 930 979 
1386 36.0 72.0 6 945 972 
1387 36.0 64.0 6 945 979 
1388 41.0 72.0 6 948 972 
1389 41.0 64.0 6 948 979 
1390 45.0 72.0 6 951 972 
1391 45.0 68.0 6 951 954 
1392 45.0 64.0 6 954 979 
1393 22.0 96.0 6 957 960 
1394 22.0 80.0 6 960 963 
1395 22.0 64.0 6 963 978 
1396 23.0 100.0 6 897 957 
1397 29.0 100.0 6 900 966 
1398 36.0 100.0 6 903 966 
1399 44.0 100.0 6 906 969 
1400 52.0 100.0 6 909 969 
1401 28.0 96.0 6 912 966 
1402 28.0 88.0 6 912 924 
1403 28.0 80.0 6 924 927 
1404 28.0 72.0 6 927 930 
1405 36.0 96.0 6 915 966 
1406 36.0 88.0 6 915 972 
1407 44.0 96.0 6 918 969 
1408 44.0 88.0 6 918 972 
1409 52.0 96.0 6 921 969 
1410 56.0 92.0 6 921 982 
1411 48.0 84.0 6 933 972 
1412 56.0 84.0 6 933 982 
1413 48.0 79.0 6 936 972 
1414 56.0 79.0 6 936 982 
1415 48.0 75.0 6 939 972 
1416 52.0 75.0 6 939 942 
1417 56.0 75.0 6 942 982 
1418 24.0 98.0 6 957 966 
1419 40.0 98.0 6 966 969 
1420 56.0 98.0 6 969 983 
1421 20.0 100.0 6 879 882 897 957 
1422 100.0 23.0 6 881 956 
1423 100.0 29.0 6 884 959 
1424 100.0 36.0 6 887 959 
1425 100.0 44.0 6 890 962 
1426 100.0 52.0 6 893 962 
1427 96.0 28.0 6 911 959 
1428 88.0 28.0 6 911 914 
1429 80.0 28.0 6 914 917 
1430 72.0 28.0 6 917 920 
1431 96.0 36.0 6 923 959 
1432 88.0 36.0 6 923 971 
1433 96.0 44.0 6 926 962 
1434 88.0 44.0 6 926 971 
1435 96.0 52.0 6 929 962 
1436 92.0 56.0 6 929 984 
1437 84.0 48.0 6 944 971 
1438 84.0 56.0 6 944 984 
1439 79.0 48.0 6 947 971 
1440 79.0 56.0 6 947 984 
1441 75.0 48.0 6 950 971 
1442 75.0 52.0 6 950 953 
1443 75.0 56.0 6 953 984 
1444 98.0 24.0 6 956 959 
1445 98.0 40.0 6 959 962 
1446 98.0 56.0 6 962 985 
1447 97.0 20.0 6 896 956 
1448 91.0 20.0 6 899 965 
1449 84.0 20.0 6 902 965 
1450 76.0 20.0 6 905 968 
1451 68.0 20.0 6 908 968 
1452 92.0 24.0 6 911 965 
1453 92.0 32.0 6 911 923 
1454 92.0 40.0 6 923 926 
1455 92.0 48.0 6 926 929 
1456 84.0 24.0 6 914 965 
1457 84.0 32.0 6 914 971 
1458 76.0 24.0 6 917 968 
1459 76.0 32.0 6 917 971 
1460 68.0 24.0 6 920 968 
1461 64.0 28.0 6 920 981 
1462 72.0 36.0 6 932 971 
1463 64.0 36.0 6 932 981 
1464 72.0 41.0 6 935 971 
1465 64.0 41.0 6 935 981 
1466 72.0 45.0 6 938 971 
1467 68.0 45.0 6 938 941 
1468 64.0 45.0 6 941 981 
1469 96.0 22.0 6 956 965 
1470 80.0 22.0 6 965 968 
1471 64.0 22.0 6 968 980 
1472 100.0 20.0 6 878 881 896 956 
1473 100.0 97.0 6 883 958 
1474 100.0 91.0 6 886 961 
1475 100.0 84.0 6 889 961 
1476 100.0 76.0 6 892 964 
1477 100.0 68.0 6 895 964 
1478 96.0 92.0 6 913 961 
1479 88.0 92.0 6 913 916 
1480 80.0 92.0 6 916 919 
1481 72.0 92.0 6 919 922 
1482 96.0 84.0 6 925 961 
1483 88.0 84.0 6 925 973 
1484 96.0 76.0 6 928 964 
1485 88.0 76.0 6 928 973 
1486 96.0 68.0 6 931 964 
1487 92.0 64.0 6 931 984 
1488 84.0 72.0 6 946 973 
1489 84.0 64.0 6 946 984 
1490 79.0 72.0 6 949 973 
1491 79.0 64.0 6 949 984 
1492 75.0 72.0 6 952 973 
1493 75.0 68.0 6 952 955 
1494 75.0 64.0 6 955 984 
1495 98.0 96.0 6 958 961 
1496 98.0 80.0 6 961 964 
1497 98.0 64.0 6 964 985 
1498 97.0 100.0 6 898 958 
1499 91.0 100.0 6 901 967 
1500 84.0 100.0 6 904 967 
1501 76.0 100.0 6 907 970 
1502 68.0 100.0 6 910 970 
1503 92.0 96.0 6 913 967 
1504 92.0 88.0 6 913 925 
1505 92.0 80.0 6 925 928 
1506 92.0 72.0 6 928 931 
1507 84.0 96.0 6 916 967 
1508 84.0 88.0 6 916 973 
1509 76.0 96.0 6 919 970 
1510 76.0 88.0 6 919 973 
1511 68.0 96.0 6 922 970 
1512 64.0 92.0 6 922 982 
1513 72.0 84.0 6 934 973 
1514 64.0 84.0 6 934 982 
1515 72.0 79.0 6 937 973 
1516 64.0 79.0 6 937 982 
1517 72.0 75.0 6 940 973 
1518 68.0 75.0 6 940 943 
1519 64.0 75.0 6 943 982 
1520 96.0 98.0 6 958 967 
1521 80.0 98.0 6 967 970 
1522 64.0 98.0 6 970 983 
1523 100.0 100.0 6 880 883 898 958 
1524 10.0 60.0 6 974 
1525 20.0 60.0 6 974 978 
1526 60.0 10.0 6 975 
1527 60.0 20.0 6 975 980 
1528 60.0 100.0 6 976 983 
1529 60.0 110.0 6 976 
1530 100.0 60.0 6 977 985 
1531 110.0 60.0 6 977 
1532 24.0 60.0 6 978 979 
1533 48.0 60.0 6 979 986 
1534 60.0 24.0 6 980 981 
1535 60.0 48.0 6 981 986 
1536 60.0 72.0 6 982 986 
1537 60.0 96.0 6 982 983 
1538 72.0 60.0 6 984 986 
1539 96.0 60.0 6 984 985 
1540 20.0 23.0 7 988 1013 
1541 20.0 29.0 7 989 1014 
1542 20.0 36.0 7 990 1014 
1543 20.0 44.0 7 991 1015 
1544 20.0 52.0 7 992 1015 
1545 24.0 28.0 7 998 1014 
1546 32.0 28.0 7 998 999 
1547 40.0 28.0 7 999 1000 
1548 48.0 28.0 7 1000 1001 
1549 24.0 36.0 7 1002 1014 
1550 32.0 36.0 7 1002 1018 
1551 24.0 44.0 7 1003 1015 
1552 32.0 44.0 7 1003 1018 
1553 24.0 52.0 7 1004 1015 
1554 28.0 56.0 7 1004 1120 
1555 36.0 48.0 7 1009 1018 
1556 36.0 56.0 7 1009 1120 
1557 41.0 48.0 7 1010 1018 
1558 41.0 56.0 7 1010 1120 
1559 45.0 48.0 7 1011 1018 
1560 45.0 52.0 7 1011 1012 
1561 45.0 56.0 7 1012 1120 
1562 22.0 24.0 7 1013 1014 
1563 22.0 40.0 7 1014 1015 
1564 22.0 56.0 7 1015 1119 
1565 23.0 20.0 7 993 1013 
1566 29.0 20.0 7 994 1016 
1567 36.0 20.0 7 995 1016 
1568 44.0 20.0 7 996 1017 
1569 52.0 20.0 7 997 1017 
1570 28.0 24.0 7 998 1016 
1571 28.0 32.0 7 998 1002 
1572 28.0 40.0 7 1002 1003 
1573 28.0 48.0 7 1003 1004 
1574 36.0 24.0 7 999 1016 
1575 36.0 32.0 7 999 1018 
1576 44.0 24.0 7 1000 1017 
1577 44.0 32.0 7 1000 1018 
1578 52.0 24.0 7 1001 1017 
1579 56.0 28.0 7 1001 1122 
1580 48.0 36.0 7 1005 1018 
1581 56.0 36.0 7 1005 1122 
1582 48.0 41.0 7 1006 1018 
1583 56.0 41.0 7 1006 1122 
1584 48.0 45.0 7 1007 1018 
1585 52.0 45.0 7 1007 1008 
1586 56.0 45.0 7 1008 1122 
1587 24.0 22.0 7 1013 1016 
1588 40.0 22.0 7 1016 1017 
1589 56.0 22.0 7 1017 1121 
1590 20.0 20.0 7 987 988 993 1013 
1591 20.0 97.0 7 1023 1098 
1592 20.0 91.0 7 1026 1101 
1593 20.0 84.0 7 1029 1101 
1594 20.0 76.0 7 1032 1104 
1595 20.0 68.0 7 1035 1104 
1596 24.0 92.0 7 1053 1101 
1597 32.0 92.0 7 1053 1056 
1598 40.0 92.0 7 1056 1059 
1599 48.0 92.0 7 1059 1062 
1600 24.0 84.0 7 1065 1101 
1601 32.0 84.0 7 1065 1113 
1602 24.0 76.0 7 1068 1104 
1603 32.0 76.0 7 1068 1113 
1604 24.0 68.0 7 1071 1104 
1605 28.0 64.0 7 1071 1120 
1606 36.0 72.0 7 1086 1113 
1607 36.0 64.0 7 1086 1120 
1608 41.0 72.0 7 1089 1113 
1609 41.0 64.0 7 1089 1120 
1610 45.0 72.0 7 1092 1113 
1611 45.0 68.0 7 1092 1095 
1612 45.0 64.0 7 1095 1120 
1613 22.0 96.0 7 1098 1101 
1614 22.0 80.0 7 1101 1104 
1615 22.0 64.0 7 1104 1119 
1616 23.0 100.0 7 1038 1098 
1617 29.0 100.0 7 1041 1107 
1618 36.0 100.0 7 1044 1107 
1619 44.0 100.0 7 1047 1110 
1620 52.0 100.0 7 1050 1110 
1621 28.0 96.0 7 1053 1107 
1622 28.0 88.0 7 1053 1065 
1623 28.0 80.0 7 1065 1068 
1624 28.0 72.0 7 1068 1071 
1625 36.0 96.0 7 1056 1107 
1626 36.0 88.0 7 1056 1113 
1627 44.0 96.0 7 1059 1110 
1628 44.0 88.0 7 1059 1113 
1629 52.0 96.0 7 1062 1110 
1630 56.0 92.0 7 1062 1123 
1631 48.0 84.0 7 1074 1113 
1632 56.0 84.0 7 1074 1123 
1633 48.0 79.0 7 1077 1113 
1634 56.0 79.0 7 1077 1123 
1635 48.0 75.0 7 1080 1113 
1636 52.0 75.0 7 1080 1083 
1637 56.0 75.0 7 1083 1123 
1638 24.0 98.0 7 1098 1107 
1639 40.0 98.0 7 1107 1110 
1640 56.0 98.0 7 1110 1124 
1641 20.0 100.0 7 1020 1023 1038 1098 
1642 100.0 23.0 7 1022 1097 
1643 100.0 29.0 7 1025 1100 
1644 100.0 36.0 7 1028 1100 
1645 100.0 44.0 7 1031 1103 
1646 100.0 52.0 7 1034 1103 
1647 96.0 28.0 7 1052 1100 
1648 88.0 28.0 7 1052 1055 
1649 80.0 28.0 7 1055 1058 
1650 72.0 28.0 7 1058 1061 
1651 96.0 36.0 7 1064 1100 
1652 88.0 36.0 7 1064 1112 
1653 96.0 44.0 7 1067 1103 
1654 88.0 44.0 7 1067 1112 
1655 96.0 52.0 7 1070 1103 
1656 92.0 56.0 7 1070 1125 
1657 84.0 48.0 7 1085 1112 
1658 84.0 56.0 7 1085 1125 
1659 79.0 48.0 7 1088 1112 
1660 79.0 56.0 7 1088 1125 
1661 75.0 48.0 7 1091 1112 
1662 75.0 52.0 7 1091 1094 
1663 75.0 56.0 7 1094 1125 
1664 98.0 24.0 7 1097 1100 
1665 98.0 40.0 7 1100 1103 
1666 98.0 56.0 7 1103 1126 
1667 97.0 20.0 7 1037 1097 
1668 91.0 20.0 7 1040 1106 
1669 84.0 20.0 7 1043 1106 
1670 76.0 20.0 7 1046 1109 
1671 68.0 20.0 7 1049 1109 
1672 92.0 24.0 7 1052 1106 
1673 92.0 32.0 7 1052 1064 
1674 92.0 40.0 7 1064 1067 
1675 92.0 48.0 7 1067 1070 
1676 84.0 24.0 7 1055 1106 
1677 84.0 32.0 7 1055 1112 
1678 76.0 24.0 7 1058 1109 
1679 76.0 32.0 7 1058 1112 
1680 68.0 24.0 7 1061 1109 
1681 64.0 28.0 7 1061 1122 
1682 72.0 36.0 7 1073 1112 
1683 64.0 36.0 7 1073 1122 
1684 72.0 41.0 7 1076 1112 
1685 64.0 41.0 7 1076 1122 
1686 72.0 45.0 7 1079 1112 
1687 68.0 45.0 7 1079 1082 
1688 64.0 45.0 7 1082 1122 
1689 96.0 22.0 7 1097 1106 
1690 80.0 22.0 7 1106 1109 
1691 64.0 22.0 7 1109 1121 
1692 100.0 20.0 7 1019 1022 1037 1097 
1693 100.0 97.0 7 1024 1099 
1694 100.0 91.0 7 1027 1102 
1695 100.0 84.0 7 1030 1102 
1696 100.0 76.0 7 1033 1105 
1697 100.0 68.0 7 1036 1105 
1698 96.0 92.0 7 1054 1102 
1699 88.0 92.0 7 1054 1057 
1700 80.0 92.0 7 1057 1060 
1701 72.0 92.0 7 1060 1063 
1702 96.0 84.0 7 1066 1102 
1703 88.0 84.0 7 1066 1114 
1704 96.0 76.0 7 1069 1105 
1705 88.0 76.0 7 1069 1114 
1706 96.0 68.0 7 1072 1105 
1707 92.0 64.0 7 1072 1125 
1708 84.0 72.0 7 1087 1114 
1709 84.0 64.0 7 1087 1125 
1710 79.0 72.0 7 1090 1114 
1711 79.0 64.0 7 1090 1125 
1712 75.0 72.0 7 1093 1114 
1713 75.0 68.0 7 1093 1096 
1714 75.0 64.0 7 1096 1125 
1715 98.0 96.0 7 1099 1102 
1716 98.0 80.0 7 1102 1105 
1717 98.0 64.0 7 1105 1126 
1718 97.0 100.0 7 1039 1099 
1719 91.0 100.0 7 1042 1108 
1720 84.0 100.0 7 1045 1108 
1721 76.0 100.0 7 1048 1111 
1722 68.0 100.0 7 1051 1111 
1723 92.0 96.0 7 1054 1108 
1724 92.0 88.0 7 1054 1066 
1725 92.0 80.0 7 1066 1069 
1726 92.0 72.0 7 1069 1072 
1727 84.0 96.0 7 1057 1108 
1728 84.0 88.0 7 1057 1114 
1729 76.0 96.0 7 1060 1111 
1730 76.0 88.0 7 1060 1114 
1731 68.0 96.0 7 1063 1111 
1732 64.0 92.0 7 1063 1123 
1733 72.0 84.0 7 1075 1114 
1734 64.0 84.0 7 1075 1123 
1735 72.0 79.0 7 1078 1114 
1736 64.0 79.0 7 1078 1123 
1737 72.0 75.0 7 1081 1114 
1738 68.0 75.0 7 1081 1084 
1739 64.0 75.0 7 1084 1123 
1740 96.0 98.0 7 1099 1108 
1741 80.0 98.0 7 1108 1111 
1742 64.0 98.0 7 1111 1124 
1743 100.0 100.0 7 1021 1024 1039 1099 
1744 10.0 60.0 7 1115 
1745 20.0 60.0 7 1115 1119 
1746 60.0 10.0 7 1116 
1747 60.0 20.0 7 1116 1121 
1748 60.0 100.0 7 1117 1124 
1749 60.0 110.0 7 1117 
1750 100.0 60.0 7 1118 1126 
1751 110.0 60.0 7 1118 
1752 24.0 60.0 7 1119 1120 
1753 48.0 60.0 7 1120 1127 
1754 60.0 24.0 7 1121 1122 
1755 60.0 48.0 7 1122 1127 
1756 60.0 72.0 7 1123 1127 
1757 60.0 96.0 7 1123 1124 
1758 72.0 60.0 7 1125 1127 
1759 96.0 60.0 7 1125 1126 
1760 20.0 23.0 8 1129 1154 
1761 20.0 29.0 8 1130 1155 
1762 20.0 36.0 8 1131 1155 
1763 20.0 44.0 8 1132 1156 
1764 20.0 52.0 8 1133 1156 
1765 24.0 28.0 8 1139 1155 
1766 32.0 28.0 8 1139 1140 
1767 40.0 28.0 8 1140 1141 
1768 48.0 28.0 8 1141 1142 
1769 24.0 36.0 8 1143 1155 
1770 32.0 36.0 8 1143 1159 
1771 24.0 44.0 8 1144 1156 
1772 32.0 44.0 8 1144 1159 
1773 24.0 52.0 8 1145 1156 
1774 28.0 56.0 8 1145 1261 
1775 36.0 48.0 8 1150 1159 
1776 36.0 56.0 8 1150 1261 
1777 41.0 48.0 8 1151 1159 
1778 41.0 56.0 8 1151 1261 
1779 45.0 48.0 8 1152 1159 
1780 45.0 52.0 8 1152 1153 
1781 45.0 56.0 8 1153 1261 
1782 22.0 24.0 8 1154 1155 
1783 22.0 40.0 8 1155 1156 
1784 22.0 56.0 8 1156 1260 
1785 23.0 20.0 8 1134 1154 
1786 29.0 20.0 8 1135 1157 
1787 36.0 20.0 8 1136 1157 
1788 44.0 20.0 8 1137 1158 
1789 52.0 20.0 8 1138 1158 
1790 28.0 24.0 8 1139 1157 
1791 28.0 32.0 8 1139 1143 
1792 28.0 40.0 8 1143 1144 
1793 28.0 48.0 8 1144 1145 
1794 36.0 24.0 8 1140 1157 
1795 36.0 32.0 8 1140 1159 
1796 44.0 24.0 8 1141 1158 
1797 44.0 32.0 8 1141 1159 
1798 52.0 24.0 8 1142 1158 
1799 56.0 28.0 8 1142 1263 
1800 48.0 36.0 8 1146 1159 
1801 56.0 36.0 8 1146 1263 
1802 48.0 41.0 8 1147 1159 
1803 56.0 41.0 8 1147 1263 
1804 48.0 45.0 8 1148 1159 
1805 52.0 45.0 8 1148 1149 
1806 56.0 45.0 8 1149 1263 
1807 24.0 22.0 8 1154 1157 
1808 40.0 22.0 8 1157 1158 
1809 56.0 22.0 8 1158 1262 
1810 20.0 20.0 8 1128 1129 1134 1154 
1811 20.0 97.0 8 1164 1239 
1812 20.0 91.0 8 1167 1242 
1813 20.0 84.0 8 1170 1242 
1814 20.0 76.0 8 1173 1245 
1815 20.0 68.0 8 1176 1245 
1816 24.0 92.0 8 1194 1242 
1817 32.0 92.0 8 1194 1197 
1818 40.0 92.0 8 1197 1200 
1819 48.0 92.0 8 1200 1203 
1820 24.0 84.0 8 1206 1242 
1821 32.0 84.0 8 1206 1254 
1822 24.0 76.0 8 1209 1245 
1823 32.0 76.0 8 1209 1254 
1824 24.0 68.0 8 1212 1245 
1825 28.0 64.0 8 1212 1261 
1826 36.0 72.0 8 1227 1254 
1827 36.0 64.0 8 1227 1261 
1828 41.0 72.0 8 1230 1254 
1829 41.0 64.0 8 1230 1261 
1830 45.0 72.0 8 1233 1254 
1831 45.0 68.0 8 1233 1236 
1832 45.0 64.0 8 1236 1261 
1833 22.0 96.0 8 1239 1242 
1834 22.0 80.0 8 1242 1245 
1835 22.0 64.0 8 1245 1260 
1836 23.0 100.0 8 1179 1239 
1837 29.0 100.0 8 1182 1248 
1838 36.0 100.0 8 1185 1248 
1839 44.0 100.0 8 1188 1251 
1840 52.0 100.0 8 1191 1251 
1841 28.0 96.0 8 1194 1248 
1842 28.0 88.0 8 1194 1206 
1843 28.0 80.0 8 1206 1209 
1844 28.0 72.0 8 1209 1212 
1845 36.0 96.0 8 1197 1248 
1846 36.0 88.0 8 1197 1254 
1847 44.0 96.0 8 1200 1251 
1848 44.0 88.0 8 1200 1254 
1849 52.0 96.0 8 1203 1251 
1850 56.0 92.0 8 1203 1264 
1851 48.0 84.0 8 1215 1254 
1852 56.0 84.0 8 1215 1264 
1853 48.0 79.0 8 1218 1254 
1854 56.0 79.0 8 1218 1264 
1855 48.0 75.0 8 1221 1254 
1856 52.0 75.0 8 1221 1224 
1857 56.0 75.0 8 1224 1264 
1858 24.0 98.0 8 1239 1248 
1859 40.0 98.0 8 1248 1251 
1860 56.0 98.0 8 1251 1265 
1861 20.0 100.0 8 1161 1164 1179 1239 
1862 100.0 23.0 8 1163 1238 
1863 100.0 29.0 8 1166 1241 
1864 100.0 36.0 8 1169 1241 
1865 100.0 44.0 8 1172 1244 
1866 100.0 52.0 8 1175 1244 
1867 96.0 28.0 8 1193 1241 
1868 88.0 28.0 8 1193 1196 
1869 80.0 28.0 8 1196 1199 
1870 72.0 28.0 8 1199 1202 
1871 96.0 36.0 8 1205 1241 
1872 88.0 36.0 8 1205 1253 
1873 96.0 44.0 8 1208 1244 
1874 88.0 44.0 8 1208 1253 
1875 96.0 52.0 8 1211 1244 
1876 92.0 56.0 8 1211 1266 
1877 84.0 48.0 8 1226 1253 
1878 84.0 56.0 8 1226 1266 
1879 79.0 48.0 8 1229 1253 
1880 79.0 56.0 8 1229 1266 
1881 75.0 48.0 8 1232 1253 
1882 75.0 52.0 8 1232 1235 
1883 75.0 56.0 8 1235 1266 
1884 98.0 24.0 8 1238 1241 
1885 98.0 40.0 8 1241 1244 
1886 98.0 56.0 8 1244 1267 
1887 97.0 20.0 8 1178 1238 
1888 91.0 20.0 8 1181 1247 
1889 84.0 20.0 8 1184 1247 
1890 76.0 20.0 8 1187 1250 
1891 68.0 20.0 8 1190 1250 
1892 92.0 24.0 8 1193 1247 
1893 92.0 32.0 8 1193 1205 
1894 92.0 40.0 8 1205 1208 
1895 92.0 48.0 8 1208 1211 
1896 84.0 24.0 8 1196 1247 
1897 84.0 32.0 8 1196 1253 
1898 76.0 24.0 8 1199 1250 
1899 76.0 32.0 8 1199 1253 
1900 68.0 24.0 8 1202 1250 
1901 64.0 28.0 8 1202 1263 
1902 72.0 36.0 8 1214 1253 
1903 64.0 36.0 8 1214 1263 
1904 72.0 41.0 8 1217 1253 
1905 64.0 41.0 8 1217 1263 
1906 72.0 45.0 8 1220 1253 
1907 68.0 45.0 8 1220 1223 
1908 64.0 45.0 8 1223 1263 
1909 96.0 22.0 8 1238 1247 
1910 80.0 22.0 8 1247 1250 
1911 64.0 22.0 8 1250 1262 
1912 100.0 20.0 8 1160 1163 1178 1238 
1913 100.0 97.0 8 1165 1240 
1914 100.0 91.0 8 1168 1243 
1915 100.0 84.0 8 1171 1243 
1916 100.0 76.0 8 1174 1246 
1917 100.0 68.0 8 1177 1246 
1918 96.0 92.0 8 1195 1243 
1919 88.0 92.0 8 1195 1198 
1920 80.0 92.0 8 1198 1201 
1921 72.0 92.0 8 1201 1204 
1922 96.0 84.0 8 1207 1243 
1923 88.0 84.0 8 1207 1255 
1924 96.0 76.0 8 1210 1246 
1925 88.0 76.0 8 1210 1255 
1926 96.0 68.0 8 1213 1246 
1927 92.0 64.0 8 1213 1266 
1928 84.0 72.0 8 1228 1255 
1929 84.0 64.0 8 1228 1266 
1930 79.0 72.0 8 1231 1255 
1931 79.0 64.0 8 1231 1266 
1932 75.0 72.0 8 1234 1255 
1933 75.0 68.0 8 1234 1237 
1934 75.0 64.0 8 1237 1266 
1935 98.0 96.0 8 1240 1243 
1936 98.0 80.0 8 1243 1246 
1937 98.0 64.0 8 1246 1267 
1938 97.0 100.0 8 1180 1240 
1939 91.0 100.0 8 1183 1249 
1940 84.0 100.0 8 1186 1249 
1941 76.0 100.0 8 1189 1252 
1942 68.0 100.0 8 1192 1252 
1943 92.0 96.0 8 1195 1249 
1944 92.0 88.0 8 1195 1207 
1945 92.0 80.0 8 1207 1210 
1946 92.0 72.0 8 1210 1213 
1947 84.0 96.0 8 1198 1249 
1948 84.0 88.0 8 1198 1255 
1949 76.0 96.0 8 1201 1252 
1950 76.0 88.0 8 1201 1255 
1951 68.0 96.0 8 1204 1252 
1952 64.0 92.0 8 1204 1264 
1953 72.0 84.0 8 1216 1255 
1954 64.0 84.0 8 1216 1264 
1955 72.0 79.0 8 1219 1255 
1956 64.0 79.0 8 1219 1264 
1957 72.0 75.0 8 1222 1255 
1958 68.0 75.0 8 1222 1225 
1959 64.0 75.0 8 1225 1264 
1960 96.0 98.0 8 1240 1249 
1961 80.0 98.0 8 1249 1252 
1962 64.0 98.0 8 1252 1265 
1963 100.0 100.0 8 1162 1165 1180 1240 
1964 10.0 60.0 8 1256 
1965 20.0 60.0 8 1256 1260 
1966 60.0 10.0 8 1257 
1967 60.0 20.0 8 1257 1262 
1968 60.0 100.0 8 1258 1265 
1969 60.0 110.0 8 1258 
1970 100.0 60.0 8 1259 1267 
1971 110.0 60.0 8 1259 
1972 24.0 60.0 8 1260 1261 
1973 48.0 60.0 8 1261 1268 
1974 60.0 24.0 8 1262 1263 
1975 60.0 48.0 8 1263 1268 
1976 60.0 72.0 8 1264 1268 
1977 60.0 96.0 8 1264 1265 
1978 72.0 60.0 8 1266 1268 
1979 96.0 60.0 8 1266 1267 
1980 20.0 23.0 9 1270 1295 
1981 20.0 29.0 9 1271 1296 
1982 20.0 36.0 9 1272 1296 
1983 20.0 44.0 9 1273 1297 
1984 20.0 52.0 9 1274 1297 
1985 24.0 28.0 9 1280 1296 
1986 32.0 28.0 9 1280 1281 
1987 40.0 28.0 9 1281 1282 
1988 48.0 28.0 9 1282 1283 
1989 24.0 36.0 9 1284 1296 
1990 32.0 36.0 9 1284 1300 
1991 24.0 44.0 9 1285 1297 
1992 32.0 44.0 9 1285 1300 
1993 24.0 52.0 9 1286 1297 
1994 28.0 56.0 9 1286 1402 
1995 36.0 48.0 9 1291 1300 
1996 36.0 56.0 9 1291 1402 
1997 41.0 48.0 9 1292 1300 
1998 41.0 56.0 9 1292 1402 
1999 45.0 48.0 9 1293 1300 
2000 45.0 52.0 9 1293 1294 
2001 45.0 56.0 9 1294 1402 
2002 22.0 24.0 9 1295 1296 
2003 22.0 40.0 9 1296 1297 
2004 22.0 56.0 9 1297 1401 
2005 23.0 20.0 9 1275 1295 
2006 29.0 20.0 9 1276 1298 
2007 36.0 20.0 9 1277 1298 
2008 44.0 20.0 9 1278 1299 
2009 52.0 20.0 9 1279 1299 
2010 28.0 24.0 9 1280 1298 
2011 28.0 32.0 9 1280 1284 
2012 28.0 40.0 9 1284 1285 
2013 28.0 48.0 9 1285 1286 
2014 36.0 24.0 9 1281 1298 
2015 36.0 32.0 9 1281 1300 
2016 44.0 24.0 9 1282 1299 
2017 44.0 32.0 9 1282 1300 
2018 52.0 24.0 9 1283 1299 
2019 56.0 28.0 9 1283 1404 
2020 48.0 36.0 9 1287 1300 
2021 56.0 36.0 9 1287 1404 
2022 48.0 41.0 9 1288 1300 
2023 56.0 41.0 9 1288 1404 
2024 48.0 45.0 9 1289 1300 
2025 52.0 45.0 9 1289 1290 
2026 56.0 45.0 9 1290 1404 
2027 24.0 22.0 9 1295 1298 
2028 40.0 22.0 9 1298 1299 
2029 56.0 22.0 9 1299 1403 
2030 20.0 20.0 9 1269 1270 1275 1295 
2031 20.0 97.0 9 1305 1380 
2032 20.0 91.0 9 1308 1383 
2033 20.0 84.0 9 1311 1383 
2034 20.0 76.0 9 1314 1386 
2035 20.0 68.0 9 1317 1386 
2036 24.0 92.0 9 1335 1383 
2037 32.0 92.0 9 1335 1338 
2038 40.0 92.0 9 1338 1341 
2039 48.0 92.0 9 1341 1344 
2040 24.0 84.0 9 1347 1383 
2041 32.0 84.0 9 1347 1395 
2042 24.0 76.0 9 1350 1386 
2043 32.0 76.0 9 1350 1395 
2044 24.0 68.0 9 1353 1386 
2045 28.0 64.0 9 1353 1402 
2046 36.0 72.0 9 1368 1395 
2047 36.0 64.0 9 1368 1402 
2048 41.0 72.0 9 1371 1395 
2049 41.0 64.0 9 1371 1402 
2050 45.0 72.0 9 1374 1395 
2051 45.0 68.0 9 1374 1377 
2052 45.0 64.0 9 1377 1402 
2053 22.0 96.0 9 1380 1383 
2054 22.0 80.0 9 1383 1386 
2055 22.0 64.0 9 1386 1401 
2056 23.0 100.0 9 1320 1380 
2057 29.0 100.0 9 1323 1389 
2058 36.0 100.0 9 1326 1389 
2059 44.0 100.0 9 1329 1392 
2060 52.0 100.0 9 1332 1392 
2061 28.0 96.0 9 1335 1389 
2062 28.0 88.0 9 1335 1347 
2063 28.0 80.0 9 1347 1350 
2064 28.0 72.0 9 1350 1353 
2065 36.0 96.0 9 1338 1389 
2066 36.0 88.0 9 1338 1395 
2067 44.0 96.0 9 1341 1392 
2068 44.0 88.0 9 1341 1395 
2069 52.0 96.0 9 1344 1392 
2070 56.0 92.0 9 1344 1405 
2071 48.0 84.0 9 1356 1395 
2072 56.0 84.0 9 1356 1405 
2073 48.0 79.0 9 1359 1395 
2074 56.0 79.0 9 1359 1405 
2075 48.0 75.0 9 1362 1395 
2076 52.0 75.0 9 1362 1365 
2077 56.0 75.0 9 1365 1405 
2078 24.0 98.0 9 1380 1389 
2079 40.0 98.0 9 1389 1392 
2080 56.0 98.0 9 1392 1406 
2081 20.0 100.0 9 1302 1305 1320 1380 
2082 100.0 23.0 9 1304 1379 
2083 100.0 29.0 9 1307 1382 
2084 100.0 36.0 9 1310 1382 
2085 100.0 44.0 9 1313 1385 
2086 100.0 52.0 9 1316 1385 
2087 96.0 28.0 9 1334 1382 
2088 88.0 28.0 9 1334 1337 
2089 80.0 28.0 9 1337 1340 
2090 72.0 28.0 9 1340 1343 
2091 96.0 36.0 9 1346 1382 
2092 88.0 36.0 9 1346 1394 
2093 96.0 44.0 9 1349 1385 
2094 88.0 44.0 9 1349 1394 
2095 96.0 52.0 9 1352 1385 
2096 92.0 56.0 9 1352 1407 
2097 84.0 48.0 9 1367 1394 
2098 84.0 56.0 9 1367 1407 
2099 79.0 48.0 9 1370 1394 
2100 79.0 56.0 9 1370 1407 
2101 75.0 48.0 9 1373 1394 
2102 75.0 52.0 9 1373 1376 
2103 75.0 56.0 9 1376 1407 
2104 98.0 24.0 9 1379 1382 
2105 98.0 40.0 9 1382 1385 
2106 98.0 56.0 9 1385 1408 
2107 97.0 20.0 9 1319 1379 
2108 91.0 20.0 9 1322 1388 
2109 84.0 20.0 9 1325 1388 
2110 76.0 20.0 9 1328 1391 
2111 68.0 20.0 9 1331 1391 
2112 92.0 24.0 9 1334 1388 
2113 92.0 32.0 9 1334 1346 
2114 92.0 40.0 9 1346 1349 
2115 92.0 48.0 9 1349 1352 
2116 84.0 24.0 9 1337 1388 
2117 84.0 32.0 9 1337 1394 
2118 76.0 24.0 9 1340 1391 
2119 76.0 32.0 9 1340 1394 
2120 68.0 24.0 9 1343 1391 
2121 64.0 28.0 9 1343 1404 
2122 72.0 36.0 9 1355 1394 
2123 64.0 36.0 9 1355 1404 
2124 72.0 41.0 9 1358 1394 
2125 64.0 41.0 9 1358 1404 
2126 72.0 45.0 9 1361 1394 
2127 68.0 45.0 9 1361 1364 
2128 64.0 45.0 9 1364 1404 
2129 96.0 22.0 9 1379 1388 
2130 80.0 22.0 9 1388 1391 
2131 64.0 22.0 9 1391 1403 
2132 100.0 20.0 9 1301 1304 1319 1379 
2133 100.0 97.0 9 1306 1381 
2134 100.0 91.0 9 1309 1384 
2135 100.0 84.0 9 1312 1384 
2136 100.0 76.0 9 1315 1387 
2137 100.0 68.0 9 1318 1387 
2138 96.0 92.0 9 1336 1384 
2139 88.0 92.0 9 1336 1339 
2140 80.0 92.0 9 1339 1342 
2141 72.0 92.0 9 1342 1345 
2142 96.0 84.0 9 1348 1384 
2143 88.0 84.0 9 1348 1396 
2144 96.0 76.0 9 1351 1387 
2145 88.0 76.0 9 1351 1396 
2146 96.0 68.0 9 1354 1387 
2147 92.0 64.0 9 1354 1407 
2148 84.0 72.0 9 1369 1396 
2149 84.0 64.0 9 1369 1407 
2150 79.0 72.0 9 1372 1396 
2151 79.0 64.0 9 1372 1407 
2152 75.0 72.0 9 1375 1396 
2153 75.0 68.0 9 1375 1378 
2154 75.0 64.0 9 1378 1407 
2155 98.0 96.0 9 1381 1384 
2156 98.0 80.0 9 1384 1387 
2157 98.0 64.0 9 1387 1408 
2158 97.0 100.0 9 1321 1381 
2159 91.0 100.0 9 1324 1390 
2160 84.0 100.0 9 1327 1390 
2161 76.0 100.0 9 1330 1393 
2162 68.0 100.0 9 1333 1393 
2163 92.0 96.0 9 1336 1390 
2164 92.0 88.0 9 1336 1348 
2165 92.0 80.0 9 1348 1351 
2166 92.0 72.0 9 1351 1354 
2167 84.0 96.0 9 1339 1390 
2168 84.0 88.0 9 1339 1396 
2169 76.0 96.0 9 1342 1393 
2170 76.0 88.0 9 1342 1396 
2171 68.0 96.0 9 1345 1393 
2172 64.0 92.0 9 1345 1405 
2173 72.0 84.0 9 1357 1396 
2174 64.0 84.0 9 1357 1405 
2175 72.0 79.0 9 1360 1396 
2176 64.0 79.0 9 1360 1405 
2177 72.0 75.0 9 1363 1396 
2178 68.0 75.0 9 1363 1366 
2179 64.0 75.0 9 1366 1405 
2180 96.0 98.0 9 1381 1390 
2181 80.0 98.0 9 1390 1393 
2182 64.0 98.0 9 1393 1406 
2183 100.0 100.0 9 1303 1306 1321 1381 
2184 10.0 60.0 9 1397 
2185 20.0 60.0 9 1397 1401 
2186 60.0 10.0 9 1398 
2187 60.0 20.0 9 1398 1403 
2188 60.0 100.0 9 1399 1406 
2189 60.0 110.0 9 1399 
2190 100.0 60.0 9 1400 1408 
2191 110.0 60.0 9 1400 
2192 24.0 60.0 9 1401 1402 
2193 48.0 60.0 9 1402 1409 
2194 60.0 24.0 9 1403 1404 
2195 60.0 48.0 9 1404 1409 
2196 60.0 72.0 9 1405 1409 
2197 60.0 96.0 9 1405 1406 
2198 72.0 60.0 9 1407 1409 
2199 96.0 60.0 9 1407 1408 
