0 0.0 20.0 0.0 20.0 0 0 50 
1 10.0 20.0 20.0 26.0 0 0 0 50 
2 10.0 20.0 26.0 32.0 0 0 1 
3 10.0 20.0 32.0 40.0 0 0 2 
4 10.0 20.0 40.0 48.0 0 0 3 
5 10.0 20.0 48.0 56.0 0 0 4 
6 20.0 26.0 10.0 20.0 0 0 25 50 
7 26.0 32.0 10.0 20.0 0 0 26 
8 32.0 40.0 10.0 20.0 0 0 27 
9 40.0 48.0 10.0 20.0 0 0 28 
10 48.0 56.0 10.0 20.0 0 0 29 
11 24.0 32.0 24.0 32.0 0 0 5 6 30 31 
12 32.0 40.0 24.0 32.0 0 0 6 7 34 35 
13 40.0 48.0 24.0 32.0 0 0 7 8 36 37 
14 48.0 56.0 24.0 32.0 0 0 8 38 39 
15 24.0 32.0 32.0 40.0 0 0 9 10 31 32 
16 24.0 32.0 40.0 48.0 0 0 11 12 32 33 
17 24.0 32.0 48.0 56.0 0 0 13 14 33 
18 48.0 56.0 32.0 40.0 0 0 40 41 
19 48.0 56.0 40.0 42.0 0 1 42 43 
20 48.0 52.0 42.0 48.0 0 0 44 45 
21 52.0 56.0 42.0 48.0 0 0 45 46 
22 32.0 40.0 48.0 56.0 0 0 15 16 
23 40.0 42.0 48.0 56.0 0 1 17 18 
24 42.0 48.0 48.0 52.0 0 0 19 20 
25 42.0 48.0 52.0 56.0 0 0 20 21 
26 20.0 24.0 20.0 24.0 0 1 0 22 25 47 50 
27 20.0 24.0 24.0 40.0 0 1 1 2 5 9 22 23 
28 20.0 24.0 40.0 56.0 0 1 3 4 11 13 23 24 
29 24.0 40.0 20.0 24.0 0 1 26 27 30 34 47 48 
30 40.0 56.0 20.0 24.0 0 1 28 29 36 38 48 49 
31 32.0 48.0 32.0 48.0 0 1 10 12 15 17 19 35 37 40 42 44 
32 100.0 120.0 0.0 20.0 0 0 152 
33 0.0 20.0 100.0 120.0 0 0 101 
34 100.0 120.0 100.0 120.0 0 0 203 
35 100.0 110.0 20.0 26.0 0 0 102 152 
36 10.0 20.0 94.0 100.0 0 0 51 101 
37 100.0 110.0 94.0 100.0 0 0 153 203 
38 100.0 110.0 26.0 32.0 0 0 103 
39 10.0 20.0 88.0 94.0 0 0 52 
40 100.0 110.0 88.0 94.0 0 0 154 
41 100.0 110.0 32.0 40.0 0 0 104 
42 10.0 20.0 80.0 88.0 0 0 53 
43 100.0 110.0 80.0 88.0 0 0 155 
44 100.0 110.0 40.0 48.0 0 0 105 
45 10.0 20.0 72.0 80.0 0 0 54 
46 100.0 110.0 72.0 80.0 0 0 156 
47 100.0 110.0 48.0 56.0 0 0 106 
48 10.0 20.0 64.0 72.0 0 0 55 
49 100.0 110.0 64.0 72.0 0 0 157 
50 94.0 100.0 10.0 20.0 0 0 127 152 
51 20.0 26.0 100.0 110.0 0 0 76 101 
52 94.0 100.0 100.0 110.0 0 0 178 203 
53 88.0 94.0 10.0 20.0 0 0 128 
54 26.0 32.0 100.0 110.0 0 0 77 
55 88.0 94.0 100.0 110.0 0 0 179 
56 80.0 88.0 10.0 20.0 0 0 129 
57 32.0 40.0 100.0 110.0 0 0 78 
58 80.0 88.0 100.0 110.0 0 0 180 
59 72.0 80.0 10.0 20.0 0 0 130 
60 40.0 48.0 100.0 110.0 0 0 79 
61 72.0 80.0 100.0 110.0 0 0 181 
62 64.0 72.0 10.0 20.0 0 0 131 
63 48.0 56.0 100.0 110.0 0 0 80 
64 64.0 72.0 100.0 110.0 0 0 182 
65 88.0 96.0 24.0 32.0 0 0 107 108 132 133 
66 24.0 32.0 88.0 96.0 0 0 56 57 81 82 
67 88.0 96.0 88.0 96.0 0 0 158 159 183 184 
68 80.0 88.0 24.0 32.0 0 0 108 109 136 137 
69 32.0 40.0 88.0 96.0 0 0 57 58 85 86 
70 80.0 88.0 88.0 96.0 0 0 159 160 187 188 
71 72.0 80.0 24.0 32.0 0 0 109 110 138 139 
72 40.0 48.0 88.0 96.0 0 0 58 59 87 88 
73 72.0 80.0 88.0 96.0 0 0 160 161 189 190 
74 64.0 72.0 24.0 32.0 0 0 110 140 141 
75 48.0 56.0 88.0 96.0 0 0 59 89 90 
76 64.0 72.0 88.0 96.0 0 0 161 191 192 
77 88.0 96.0 32.0 40.0 0 0 111 112 133 134 
78 24.0 32.0 80.0 88.0 0 0 60 61 82 83 
79 88.0 96.0 80.0 88.0 0 0 162 163 184 185 
80 88.0 96.0 40.0 48.0 0 0 113 114 134 135 
81 24.0 32.0 72.0 80.0 0 0 62 63 83 84 
82 88.0 96.0 72.0 80.0 0 0 164 165 185 186 
83 88.0 96.0 48.0 56.0 0 0 115 116 135 
84 24.0 32.0 64.0 72.0 0 0 64 65 84 
85 88.0 96.0 64.0 72.0 0 0 166 167 186 
86 64.0 72.0 32.0 40.0 0 0 142 143 
87 48.0 56.0 80.0 88.0 0 0 91 92 
88 64.0 72.0 80.0 88.0 0 0 193 194 
89 64.0 72.0 40.0 42.0 0 1 144 145 
90 48.0 56.0 78.0 80.0 0 1 93 94 
91 64.0 72.0 78.0 80.0 0 1 195 196 
92 68.0 72.0 42.0 48.0 0 0 146 147 
93 48.0 52.0 72.0 78.0 0 0 95 96 
94 68.0 72.0 72.0 78.0 0 0 197 198 
95 64.0 68.0 42.0 48.0 0 0 147 148 
96 52.0 56.0 72.0 78.0 0 0 96 97 
97 64.0 68.0 72.0 78.0 0 0 198 199 
98 80.0 88.0 48.0 56.0 0 0 117 118 
99 32.0 40.0 64.0 72.0 0 0 66 67 
100 80.0 88.0 64.0 72.0 0 0 168 169 
101 78.0 80.0 48.0 56.0 0 1 119 120 
102 40.0 42.0 64.0 72.0 0 1 68 69 
103 78.0 80.0 64.0 72.0 0 1 170 171 
104 72.0 78.0 48.0 52.0 0 0 121 122 
105 42.0 48.0 68.0 72.0 0 0 70 71 
106 72.0 78.0 68.0 72.0 0 0 172 173 
107 72.0 78.0 52.0 56.0 0 0 122 123 
108 42.0 48.0 64.0 68.0 0 0 71 72 
109 72.0 78.0 64.0 68.0 0 0 173 174 
110 96.0 100.0 20.0 24.0 0 1 102 124 127 149 152 
111 20.0 24.0 96.0 100.0 0 1 51 73 76 98 101 
112 96.0 100.0 96.0 100.0 0 1 153 175 178 200 203 
113 96.0 100.0 24.0 40.0 0 1 103 104 107 111 124 125 
114 20.0 24.0 80.0 96.0 0 1 52 53 56 60 73 74 
115 96.0 100.0 80.0 96.0 0 1 154 155 158 162 175 176 
116 96.0 100.0 40.0 56.0 0 1 105 106 113 115 125 126 
117 20.0 24.0 64.0 80.0 0 1 54 55 62 64 74 75 
118 96.0 100.0 64.0 80.0 0 1 156 157 164 166 176 177 
119 80.0 96.0 20.0 24.0 0 1 128 129 132 136 149 150 
120 24.0 40.0 96.0 100.0 0 1 77 78 81 85 98 99 
121 80.0 96.0 96.0 100.0 0 1 179 180 183 187 200 201 
122 64.0 80.0 20.0 24.0 0 1 130 131 138 140 150 151 
123 40.0 56.0 96.0 100.0 0 1 79 80 87 89 99 100 
124 64.0 80.0 96.0 100.0 0 1 181 182 189 191 201 202 
125 72.0 88.0 32.0 48.0 0 1 112 114 117 119 121 137 139 142 144 146 
126 32.0 48.0 72.0 88.0 0 1 61 63 66 68 70 86 88 91 93 95 
127 72.0 88.0 72.0 88.0 0 1 163 165 168 170 172 188 190 193 195 197 
128 10.0 20.0 56.0 64.0 0 2 204 205 
129 56.0 64.0 10.0 20.0 0 2 206 207 
130 56.0 64.0 100.0 110.0 0 2 208 209 
131 100.0 110.0 56.0 64.0 0 2 210 211 
132 20.0 24.0 56.0 64.0 0 1 24 75 205 212 
133 24.0 48.0 56.0 64.0 0 1 14 16 18 21 65 67 69 72 212 213 
134 56.0 64.0 20.0 24.0 0 1 49 151 207 214 
135 56.0 64.0 24.0 48.0 0 1 39 41 43 46 141 143 145 148 214 215 
136 56.0 64.0 72.0 96.0 0 1 90 92 94 97 192 194 196 199 216 217 
137 56.0 64.0 96.0 100.0 0 1 100 202 208 217 
138 72.0 96.0 56.0 64.0 0 1 116 118 120 123 167 169 171 174 218 219 
139 96.0 100.0 56.0 64.0 0 1 126 177 210 219 
140 48.0 72.0 48.0 72.0 0 1 213 215 216 218 
141 0.0 20.0 0.0 20.0 1 0 270 
142 10.0 20.0 20.0 26.0 1 0 220 270 
143 10.0 20.0 26.0 32.0 1 0 221 
144 10.0 20.0 32.0 40.0 1 0 222 
145 10.0 20.0 40.0 48.0 1 0 223 
146 10.0 20.0 48.0 56.0 1 0 224 
147 20.0 26.0 10.0 20.0 1 0 245 270 
148 26.0 32.0 10.0 20.0 1 0 246 
149 32.0 40.0 10.0 20.0 1 0 247 
150 40.0 48.0 10.0 20.0 1 0 248 
151 48.0 56.0 10.0 20.0 1 0 249 
152 24.0 32.0 24.0 32.0 1 0 225 226 250 251 
153 32.0 40.0 24.0 32.0 1 0 226 227 254 255 
154 40.0 48.0 24.0 32.0 1 0 227 228 256 257 
155 48.0 56.0 24.0 32.0 1 0 228 258 259 
156 24.0 32.0 32.0 40.0 1 0 229 230 251 252 
157 24.0 32.0 40.0 48.0 1 0 231 232 252 253 
158 24.0 32.0 48.0 56.0 1 0 233 234 253 
159 48.0 56.0 32.0 40.0 1 0 260 261 
160 48.0 56.0 40.0 42.0 1 1 262 263 
161 48.0 52.0 42.0 48.0 1 0 264 265 
162 52.0 56.0 42.0 48.0 1 0 265 266 
163 32.0 40.0 48.0 56.0 1 0 235 236 
164 40.0 42.0 48.0 56.0 1 1 237 238 
165 42.0 48.0 48.0 52.0 1 0 239 240 
166 42.0 48.0 52.0 56.0 1 0 240 241 
167 20.0 24.0 20.0 24.0 1 1 220 242 245 267 270 
168 20.0 24.0 24.0 40.0 1 1 221 222 225 229 242 243 
169 20.0 24.0 40.0 56.0 1 1 223 224 231 233 243 244 
170 24.0 40.0 20.0 24.0 1 1 246 247 250 254 267 268 
171 40.0 56.0 20.0 24.0 1 1 248 249 256 258 268 269 
172 32.0 48.0 32.0 48.0 1 1 230 232 235 237 239 255 257 260 262 264 
173 100.0 120.0 0.0 20.0 1 0 372 
174 0.0 20.0 100.0 120.0 1 0 321 
175 100.0 120.0 100.0 120.0 1 0 423 
176 100.0 110.0 20.0 26.0 1 0 322 372 
177 10.0 20.0 94.0 100.0 1 0 271 321 
178 100.0 110.0 94.0 100.0 1 0 373 423 
179 100.0 110.0 26.0 32.0 1 0 323 
180 10.0 20.0 88.0 94.0 1 0 272 
181 100.0 110.0 88.0 94.0 1 0 374 
182 100.0 110.0 32.0 40.0 1 0 324 
183 10.0 20.0 80.0 88.0 1 0 273 
184 100.0 110.0 80.0 88.0 1 0 375 
185 100.0 110.0 40.0 48.0 1 0 325 
186 10.0 20.0 72.0 80.0 1 0 274 
187 100.0 110.0 72.0 80.0 1 0 376 
188 100.0 110.0 48.0 56.0 1 0 326 
189 10.0 20.0 64.0 72.0 1 0 275 
190 100.0 110.0 64.0 72.0 1 0 377 
191 94.0 100.0 10.0 20.0 1 0 347 372 
192 20.0 26.0 100.0 110.0 1 0 296 321 
193 94.0 100.0 100.0 110.0 1 0 398 423 
194 88.0 94.0 10.0 20.0 1 0 348 
195 26.0 32.0 100.0 110.0 1 0 297 
196 88.0 94.0 100.0 110.0 1 0 399 
197 80.0 88.0 10.0 20.0 1 0 349 
198 32.0 40.0 100.0 110.0 1 0 298 
199 80.0 88.0 100.0 110.0 1 0 400 
200 72.0 80.0 10.0 20.0 1 0 350 
201 40.0 48.0 100.0 110.0 1 0 299 
202 72.0 80.0 100.0 110.0 1 0 401 
203 64.0 72.0 10.0 20.0 1 0 351 
204 48.0 56.0 100.0 110.0 1 0 300 
205 64.0 72.0 100.0 110.0 1 0 402 
206 88.0 96.0 24.0 32.0 1 0 327 328 352 353 
207 24.0 32.0 88.0 96.0 1 0 276 277 301 302 
208 88.0 96.0 88.0 96.0 1 0 378 379 403 404 
209 80.0 88.0 24.0 32.0 1 0 328 329 356 357 
210 32.0 40.0 88.0 96.0 1 0 277 278 305 306 
211 80.0 88.0 88.0 96.0 1 0 379 380 407 408 
212 72.0 80.0 24.0 32.0 1 0 329 330 358 359 
213 40.0 48.0 88.0 96.0 1 0 278 279 307 308 
214 72.0 80.0 88.0 96.0 1 0 380 381 409 410 
215 64.0 72.0 24.0 32.0 1 0 330 360 361 
216 48.0 56.0 88.0 96.0 1 0 279 309 310 
217 64.0 72.0 88.0 96.0 1 0 381 411 412 
218 88.0 96.0 32.0 40.0 1 0 331 332 353 354 
219 24.0 32.0 80.0 88.0 1 0 280 281 302 303 
220 88.0 96.0 80.0 88.0 1 0 382 383 404 405 
221 88.0 96.0 40.0 48.0 1 0 333 334 354 355 
222 24.0 32.0 72.0 80.0 1 0 282 283 303 304 
223 88.0 96.0 72.0 80.0 1 0 384 385 405 406 
224 88.0 96.0 48.0 56.0 1 0 335 336 355 
225 24.0 32.0 64.0 72.0 1 0 284 285 304 
226 88.0 96.0 64.0 72.0 1 0 386 387 406 
227 64.0 72.0 32.0 40.0 1 0 362 363 
228 48.0 56.0 80.0 88.0 1 0 311 312 
229 64.0 72.0 80.0 88.0 1 0 413 414 
230 64.0 72.0 40.0 42.0 1 1 364 365 
231 48.0 56.0 78.0 80.0 1 1 313 314 
232 64.0 72.0 78.0 80.0 1 1 415 416 
233 68.0 72.0 42.0 48.0 1 0 366 367 
234 48.0 52.0 72.0 78.0 1 0 315 316 
235 68.0 72.0 72.0 78.0 1 0 417 418 
236 64.0 68.0 42.0 48.0 1 0 367 368 
237 52.0 56.0 72.0 78.0 1 0 316 317 
238 64.0 68.0 72.0 78.0 1 0 418 419 
239 80.0 88.0 48.0 56.0 1 0 337 338 
240 32.0 40.0 64.0 72.0 1 0 286 287 
241 80.0 88.0 64.0 72.0 1 0 388 389 
242 78.0 80.0 48.0 56.0 1 1 339 340 
243 40.0 42.0 64.0 72.0 1 1 288 289 
244 78.0 80.0 64.0 72.0 1 1 390 391 
245 72.0 78.0 48.0 52.0 1 0 341 342 
246 42.0 48.0 68.0 72.0 1 0 290 291 
247 72.0 78.0 68.0 72.0 1 0 392 393 
248 72.0 78.0 52.0 56.0 1 0 342 343 
249 42.0 48.0 64.0 68.0 1 0 291 292 
250 72.0 78.0 64.0 68.0 1 0 393 394 
251 96.0 100.0 20.0 24.0 1 1 322 344 347 369 372 
252 20.0 24.0 96.0 100.0 1 1 271 293 296 318 321 
253 96.0 100.0 96.0 100.0 1 1 373 395 398 420 423 
254 96.0 100.0 24.0 40.0 1 1 323 324 327 331 344 345 
255 20.0 24.0 80.0 96.0 1 1 272 273 276 280 293 294 
256 96.0 100.0 80.0 96.0 1 1 374 375 378 382 395 396 
257 96.0 100.0 40.0 56.0 1 1 325 326 333 335 345 346 
258 20.0 24.0 64.0 80.0 1 1 274 275 282 284 294 295 
259 96.0 100.0 64.0 80.0 1 1 376 377 384 386 396 397 
260 80.0 96.0 20.0 24.0 1 1 348 349 352 356 369 370 
261 24.0 40.0 96.0 100.0 1 1 297 298 301 305 318 319 
262 80.0 96.0 96.0 100.0 1 1 399 400 403 407 420 421 
263 64.0 80.0 20.0 24.0 1 1 350 351 358 360 370 371 
264 40.0 56.0 96.0 100.0 1 1 299 300 307 309 319 320 
265 64.0 80.0 96.0 100.0 1 1 401 402 409 411 421 422 
266 72.0 88.0 32.0 48.0 1 1 332 334 337 339 341 357 359 362 364 366 
267 32.0 48.0 72.0 88.0 1 1 281 283 286 288 290 306 308 311 313 315 
268 72.0 88.0 72.0 88.0 1 1 383 385 388 390 392 408 410 413 415 417 
269 10.0 20.0 56.0 64.0 1 2 424 425 
270 56.0 64.0 10.0 20.0 1 2 426 427 
271 56.0 64.0 100.0 110.0 1 2 428 429 
272 100.0 110.0 56.0 64.0 1 2 430 431 
273 20.0 24.0 56.0 64.0 1 1 244 295 425 432 
274 24.0 48.0 56.0 64.0 1 1 234 236 238 241 285 287 289 292 432 433 
275 56.0 64.0 20.0 24.0 1 1 269 371 427 434 
276 56.0 64.0 24.0 48.0 1 1 259 261 263 266 361 363 365 368 434 435 
277 56.0 64.0 72.0 96.0 1 1 310 312 314 317 412 414 416 419 436 437 
278 56.0 64.0 96.0 100.0 1 1 320 422 428 437 
279 72.0 96.0 56.0 64.0 1 1 336 338 340 343 387 389 391 394 438 439 
280 96.0 100.0 56.0 64.0 1 1 346 397 430 439 
281 48.0 72.0 48.0 72.0 1 1 433 435 436 438 
282 0.0 20.0 0.0 20.0 2 0 490 
283 10.0 20.0 20.0 26.0 2 0 440 490 
284 10.0 20.0 26.0 32.0 2 0 441 
285 10.0 20.0 32.0 40.0 2 0 442 
286 10.0 20.0 40.0 48.0 2 0 443 
287 10.0 20.0 48.0 56.0 2 0 444 
288 20.0 26.0 10.0 20.0 2 0 465 490 
289 26.0 32.0 10.0 20.0 2 0 466 
290 32.0 40.0 10.0 20.0 2 0 467 
291 40.0 48.0 10.0 20.0 2 0 468 
292 48.0 56.0 10.0 20.0 2 0 469 
293 24.0 32.0 24.0 32.0 2 0 445 446 470 471 
294 32.0 40.0 24.0 32.0 2 0 446 447 474 475 
295 40.0 48.0 24.0 32.0 2 0 447 448 476 477 
296 48.0 56.0 24.0 32.0 2 0 448 478 479 
297 24.0 32.0 32.0 40.0 2 0 449 450 471 472 
298 24.0 32.0 40.0 48.0 2 0 451 452 472 473 
299 24.0 32.0 48.0 56.0 2 0 453 454 473 
300 48.0 56.0 32.0 40.0 2 0 480 481 
301 48.0 56.0 40.0 42.0 2 1 482 483 
302 48.0 52.0 42.0 48.0 2 0 484 485 
303 52.0 56.0 42.0 48.0 2 0 485 486 
304 32.0 40.0 48.0 56.0 2 0 455 456 
305 40.0 42.0 48.0 56.0 2 1 457 458 
306 42.0 48.0 48.0 52.0 2 0 459 460 
307 42.0 48.0 52.0 56.0 2 0 460 461 
308 20.0 24.0 20.0 24.0 2 1 440 462 465 487 490 
309 20.0 24.0 24.0 40.0 2 1 441 442 445 449 462 463 
310 20.0 24.0 40.0 56.0 2 1 443 444 451 453 463 464 
311 24.0 40.0 20.0 24.0 2 1 466 467 470 474 487 488 
312 40.0 56.0 20.0 24.0 2 1 468 469 476 478 488 489 
313 32.0 48.0 32.0 48.0 2 1 450 452 455 457 459 475 477 480 482 484 
314 100.0 120.0 0.0 20.0 2 0 592 
315 0.0 20.0 100.0 120.0 2 0 541 
316 100.0 120.0 100.0 120.0 2 0 643 
317 100.0 110.0 20.0 26.0 2 0 542 592 
318 10.0 20.0 94.0 100.0 2 0 491 541 
319 100.0 110.0 94.0 100.0 2 0 593 643 
320 100.0 110.0 26.0 32.0 2 0 543 
321 10.0 20.0 88.0 94.0 2 0 492 
322 100.0 110.0 88.0 94.0 2 0 594 
323 100.0 110.0 32.0 40.0 2 0 544 
324 10.0 20.0 80.0 88.0 2 0 493 
325 100.0 110.0 80.0 88.0 2 0 595 
326 100.0 110.0 40.0 48.0 2 0 545 
327 10.0 20.0 72.0 80.0 2 0 494 
328 100.0 110.0 72.0 80.0 2 0 596 
329 100.0 110.0 48.0 56.0 2 0 546 
330 10.0 20.0 64.0 72.0 2 0 495 
331 100.0 110.0 64.0 72.0 2 0 597 
332 94.0 100.0 10.0 20.0 2 0 567 592 
333 20.0 26.0 100.0 110.0 2 0 516 541 
334 94.0 100.0 100.0 110.0 2 0 618 643 
335 88.0 94.0 10.0 20.0 2 0 568 
336 26.0 32.0 100.0 110.0 2 0 517 
337 88.0 94.0 100.0 110.0 2 0 619 
338 80.0 88.0 10.0 20.0 2 0 569 
339 32.0 40.0 100.0 110.0 2 0 518 
340 80.0 88.0 100.0 110.0 2 0 620 
341 72.0 80.0 10.0 20.0 2 0 570 
342 40.0 48.0 100.0 110.0 2 0 519 
343 72.0 80.0 100.0 110.0 2 0 621 
344 64.0 72.0 10.0 20.0 2 0 571 
345 48.0 56.0 100.0 110.0 2 0 520 
346 64.0 72.0 100.0 110.0 2 0 622 
347 88.0 96.0 24.0 32.0 2 0 547 548 572 573 
348 24.0 32.0 88.0 96.0 2 0 496 497 521 522 
349 88.0 96.0 88.0 96.0 2 0 598 599 623 624 
350 80.0 88.0 24.0 32.0 2 0 548 549 576 577 
351 32.0 40.0 88.0 96.0 2 0 497 498 525 526 
352 80.0 88.0 88.0 96.0 2 0 599 600 627 628 
353 72.0 80.0 24.0 32.0 2 0 549 550 578 579 
354 40.0 48.0 88.0 96.0 2 0 498 499 527 528 
355 72.0 80.0 88.0 96.0 2 0 600 601 629 630 
356 64.0 72.0 24.0 32.0 2 0 550 580 581 
357 48.0 56.0 88.0 96.0 2 0 499 529 530 
358 64.0 72.0 88.0 96.0 2 0 601 631 632 
359 88.0 96.0 32.0 40.0 2 0 551 552 573 574 
360 24.0 32.0 80.0 88.0 2 0 500 501 522 523 
361 88.0 96.0 80.0 88.0 2 0 602 603 624 625 
362 88.0 96.0 40.0 48.0 2 0 553 554 574 575 
363 24.0 32.0 72.0 80.0 2 0 502 503 523 524 
364 88.0 96.0 72.0 80.0 2 0 604 605 625 626 
365 88.0 96.0 48.0 56.0 2 0 555 556 575 
366 24.0 32.0 64.0 72.0 2 0 504 505 524 
367 88.0 96.0 64.0 72.0 2 0 606 607 626 
368 64.0 72.0 32.0 40.0 2 0 582 583 
369 48.0 56.0 80.0 88.0 2 0 531 532 
370 64.0 72.0 80.0 88.0 2 0 633 634 
371 64.0 72.0 40.0 42.0 2 1 584 585 
372 48.0 56.0 78.0 80.0 2 1 533 534 
373 64.0 72.0 78.0 80.0 2 1 635 636 
374 68.0 72.0 42.0 48.0 2 0 586 587 
375 48.0 52.0 72.0 78.0 2 0 535 536 
376 68.0 72.0 72.0 78.0 2 0 637 638 
377 64.0 68.0 42.0 48.0 2 0 587 588 
378 52.0 56.0 72.0 78.0 2 0 536 537 
379 64.0 68.0 72.0 78.0 2 0 638 639 
380 80.0 88.0 48.0 56.0 2 0 557 558 
381 32.0 40.0 64.0 72.0 2 0 506 507 
382 80.0 88.0 64.0 72.0 2 0 608 609 
383 78.0 80.0 48.0 56.0 2 1 559 560 
384 40.0 42.0 64.0 72.0 2 1 508 509 
385 78.0 80.0 64.0 72.0 2 1 610 611 
386 72.0 78.0 48.0 52.0 2 0 561 562 
387 42.0 48.0 68.0 72.0 2 0 510 511 
388 72.0 78.0 68.0 72.0 2 0 612 613 
389 72.0 78.0 52.0 56.0 2 0 562 563 
390 42.0 48.0 64.0 68.0 2 0 511 512 
391 72.0 78.0 64.0 68.0 2 0 613 614 
392 96.0 100.0 20.0 24.0 2 1 542 564 567 589 592 
393 20.0 24.0 96.0 100.0 2 1 491 513 516 538 541 
394 96.0 100.0 96.0 100.0 2 1 593 615 618 640 643 
395 96.0 100.0 24.0 40.0 2 1 543 544 547 551 564 565 
396 20.0 24.0 80.0 96.0 2 1 492 493 496 500 513 514 
397 96.0 100.0 80.0 96.0 2 1 594 595 598 602 615 616 
398 96.0 100.0 40.0 56.0 2 1 545 546 553 555 565 566 
399 20.0 24.0 64.0 80.0 2 1 494 495 502 504 514 515 
400 96.0 100.0 64.0 80.0 2 1 596 597 604 606 616 617 
401 80.0 96.0 20.0 24.0 2 1 568 569 572 576 589 590 
402 24.0 40.0 96.0 100.0 2 1 517 518 521 525 538 539 
403 80.0 96.0 96.0 100.0 2 1 619 620 623 627 640 641 
404 64.0 80.0 20.0 24.0 2 1 570 571 578 580 590 591 
405 40.0 56.0 96.0 100.0 2 1 519 520 527 529 539 540 
406 64.0 80.0 96.0 100.0 2 1 621 622 629 631 641 642 
407 72.0 88.0 32.0 48.0 2 1 552 554 557 559 561 577 579 582 584 586 
408 32.0 48.0 72.0 88.0 2 1 501 503 506 508 510 526 528 531 533 535 
409 72.0 88.0 72.0 88.0 2 1 603 605 608 610 612 628 630 633 635 637 
410 10.0 20.0 56.0 64.0 2 2 644 645 
411 56.0 64.0 10.0 20.0 2 2 646 647 
412 56.0 64.0 100.0 110.0 2 2 648 649 
413 100.0 110.0 56.0 64.0 2 2 650 651 
414 20.0 24.0 56.0 64.0 2 1 464 515 645 652 
415 24.0 48.0 56.0 64.0 2 1 454 456 458 461 505 507 509 512 652 653 
416 56.0 64.0 20.0 24.0 2 1 489 591 647 654 
417 56.0 64.0 24.0 48.0 2 1 479 481 483 486 581 583 585 588 654 655 
418 56.0 64.0 72.0 96.0 2 1 530 532 534 537 632 634 636 639 656 657 
419 56.0 64.0 96.0 100.0 2 1 540 642 648 657 
420 72.0 96.0 56.0 64.0 2 1 556 558 560 563 607 609 611 614 658 659 
421 96.0 100.0 56.0 64.0 2 1 566 617 650 659 
422 48.0 72.0 48.0 72.0 2 1 653 655 656 658 
423 0.0 20.0 0.0 20.0 3 0 710 
424 10.0 20.0 20.0 26.0 3 0 660 710 
425 10.0 20.0 26.0 32.0 3 0 661 
426 10.0 20.0 32.0 40.0 3 0 662 
427 10.0 20.0 40.0 48.0 3 0 663 
428 10.0 20.0 48.0 56.0 3 0 664 
429 20.0 26.0 10.0 20.0 3 0 685 710 
430 26.0 32.0 10.0 20.0 3 0 686 
431 32.0 40.0 10.0 20.0 3 0 687 
432 40.0 48.0 10.0 20.0 3 0 688 
433 48.0 56.0 10.0 20.0 3 0 689 
434 24.0 32.0 24.0 32.0 3 0 665 666 690 691 
435 32.0 40.0 24.0 32.0 3 0 666 667 694 695 
436 40.0 48.0 24.0 32.0 3 0 667 668 696 697 
437 48.0 56.0 24.0 32.0 3 0 668 698 699 
438 24.0 32.0 32.0 40.0 3 0 669 670 691 692 
439 24.0 32.0 40.0 48.0 3 0 671 672 692 693 
440 24.0 32.0 48.0 56.0 3 0 673 674 693 
441 48.0 56.0 32.0 40.0 3 0 700 701 
442 48.0 56.0 40.0 42.0 3 1 702 703 
443 48.0 52.0 42.0 48.0 3 0 704 705 
444 52.0 56.0 42.0 48.0 3 0 705 706 
445 32.0 40.0 48.0 56.0 3 0 675 676 
446 40.0 42.0 48.0 56.0 3 1 677 678 
447 42.0 48.0 48.0 52.0 3 0 679 680 
448 42.0 48.0 52.0 56.0 3 0 680 681 
449 20.0 24.0 20.0 24.0 3 1 660 682 685 707 710 
450 20.0 24.0 24.0 40.0 3 1 661 662 665 669 682 683 
451 20.0 24.0 40.0 56.0 3 1 663 664 671 673 683 684 
452 24.0 40.0 20.0 24.0 3 1 686 687 690 694 707 708 
453 40.0 56.0 20.0 24.0 3 1 688 689 696 698 708 709 
454 32.0 48.0 32.0 48.0 3 1 670 672 675 677 679 695 697 700 702 704 
455 100.0 120.0 0.0 20.0 3 0 812 
456 0.0 20.0 100.0 120.0 3 0 761 
457 100.0 120.0 100.0 120.0 3 0 863 
458 100.0 110.0 20.0 26.0 3 0 762 812 
459 10.0 20.0 94.0 100.0 3 0 711 761 
460 100.0 110.0 94.0 100.0 3 0 813 863 
461 100.0 110.0 26.0 32.0 3 0 763 
462 10.0 20.0 88.0 94.0 3 0 712 
463 100.0 110.0 88.0 94.0 3 0 814 
464 100.0 110.0 32.0 40.0 3 0 764 
465 10.0 20.0 80.0 88.0 3 0 713 
466 100.0 110.0 80.0 88.0 3 0 815 
467 100.0 110.0 40.0 48.0 3 0 765 
468 10.0 20.0 72.0 80.0 3 0 714 
469 100.0 110.0 72.0 80.0 3 0 816 
470 100.0 110.0 48.0 56.0 3 0 766 
471 10.0 20.0 64.0 72.0 3 0 715 
472 100.0 110.0 64.0 72.0 3 0 817 
473 94.0 100.0 10.0 20.0 3 0 787 812 
474 20.0 26.0 100.0 110.0 3 0 736 761 
475 94.0 100.0 100.0 110.0 3 0 838 863 
476 88.0 94.0 10.0 20.0 3 0 788 
477 26.0 32.0 100.0 110.0 3 0 737 
478 88.0 94.0 100.0 110.0 3 0 839 
479 80.0 88.0 10.0 20.0 3 0 789 
480 32.0 40.0 100.0 110.0 3 0 738 
481 80.0 88.0 100.0 110.0 3 0 840 
482 72.0 80.0 10.0 20.0 3 0 790 
483 40.0 48.0 100.0 110.0 3 0 739 
484 72.0 80.0 100.0 110.0 3 0 841 
485 64.0 72.0 10.0 20.0 3 0 791 
486 48.0 56.0 100.0 110.0 3 0 740 
487 64.0 72.0 100.0 110.0 3 0 842 
488 88.0 96.0 24.0 32.0 3 0 767 768 792 793 
489 24.0 32.0 88.0 96.0 3 0 716 717 741 742 
490 88.0 96.0 88.0 96.0 3 0 818 819 843 844 
491 80.0 88.0 24.0 32.0 3 0 768 769 796 797 
492 32.0 40.0 88.0 96.0 3 0 717 718 745 746 
493 80.0 88.0 88.0 96.0 3 0 819 820 847 848 
494 72.0 80.0 24.0 32.0 3 0 769 770 798 799 
495 40.0 48.0 88.0 96.0 3 0 718 719 747 748 
496 72.0 80.0 88.0 96.0 3 0 820 821 849 850 
497 64.0 72.0 24.0 32.0 3 0 770 800 801 
498 48.0 56.0 88.0 96.0 3 0 719 749 750 
499 64.0 72.0 88.0 96.0 3 0 821 851 852 
500 88.0 96.0 32.0 40.0 3 0 771 772 793 794 
501 24.0 32.0 80.0 88.0 3 0 720 721 742 743 
502 88.0 96.0 80.0 88.0 3 0 822 823 844 845 
503 88.0 96.0 40.0 48.0 3 0 773 774 794 795 
504 24.0 32.0 72.0 80.0 3 0 722 723 743 744 
505 88.0 96.0 72.0 80.0 3 0 824 825 845 846 
506 88.0 96.0 48.0 56.0 3 0 775 776 795 
507 24.0 32.0 64.0 72.0 3 0 724 725 744 
508 88.0 96.0 64.0 72.0 3 0 826 827 846 
509 64.0 72.0 32.0 40.0 3 0 802 803 
510 48.0 56.0 80.0 88.0 3 0 751 752 
511 64.0 72.0 80.0 88.0 3 0 853 854 
512 64.0 72.0 40.0 42.0 3 1 804 805 
513 48.0 56.0 78.0 80.0 3 1 753 754 
514 64.0 72.0 78.0 80.0 3 1 855 856 
515 68.0 72.0 42.0 48.0 3 0 806 807 
516 48.0 52.0 72.0 78.0 3 0 755 756 
517 68.0 72.0 72.0 78.0 3 0 857 858 
518 64.0 68.0 42.0 48.0 3 0 807 808 
519 52.0 56.0 72.0 78.0 3 0 756 757 
520 64.0 68.0 72.0 78.0 3 0 858 859 
521 80.0 88.0 48.0 56.0 3 0 777 778 
522 32.0 40.0 64.0 72.0 3 0 726 727 
523 80.0 88.0 64.0 72.0 3 0 828 829 
524 78.0 80.0 48.0 56.0 3 1 779 780 
525 40.0 42.0 64.0 72.0 3 1 728 729 
526 78.0 80.0 64.0 72.0 3 1 830 831 
527 72.0 78.0 48.0 52.0 3 0 781 782 
528 42.0 48.0 68.0 72.0 3 0 730 731 
529 72.0 78.0 68.0 72.0 3 0 832 833 
530 72.0 78.0 52.0 56.0 3 0 782 783 
531 42.0 48.0 64.0 68.0 3 0 731 732 
532 72.0 78.0 64.0 68.0 3 0 833 834 
533 96.0 100.0 20.0 24.0 3 1 762 784 787 809 812 
534 20.0 24.0 96.0 100.0 3 1 711 733 736 758 761 
535 96.0 100.0 96.0 100.0 3 1 813 835 838 860 863 
536 96.0 100.0 24.0 40.0 3 1 763 764 767 771 784 785 
537 20.0 24.0 80.0 96.0 3 1 712 713 716 720 733 734 
538 96.0 100.0 80.0 96.0 3 1 814 815 818 822 835 836 
539 96.0 100.0 40.0 56.0 3 1 765 766 773 775 785 786 
540 20.0 24.0 64.0 80.0 3 1 714 715 722 724 734 735 
541 96.0 100.0 64.0 80.0 3 1 816 817 824 826 836 837 
542 80.0 96.0 20.0 24.0 3 1 788 789 792 796 809 810 
543 24.0 40.0 96.0 100.0 3 1 737 738 741 745 758 759 
544 80.0 96.0 96.0 100.0 3 1 839 840 843 847 860 861 
545 64.0 80.0 20.0 24.0 3 1 790 791 798 800 810 811 
546 40.0 56.0 96.0 100.0 3 1 739 740 747 749 759 760 
547 64.0 80.0 96.0 100.0 3 1 841 842 849 851 861 862 
548 72.0 88.0 32.0 48.0 3 1 772 774 777 779 781 797 799 802 804 806 
549 32.0 48.0 72.0 88.0 3 1 721 723 726 728 730 746 748 751 753 755 
550 72.0 88.0 72.0 88.0 3 1 823 825 828 830 832 848 850 853 855 857 
551 10.0 20.0 56.0 64.0 3 2 864 865 
552 56.0 64.0 10.0 20.0 3 2 866 867 
553 56.0 64.0 100.0 110.0 3 2 868 869 
554 100.0 110.0 56.0 64.0 3 2 870 871 
555 20.0 24.0 56.0 64.0 3 1 684 735 865 872 
556 24.0 48.0 56.0 64.0 3 1 674 676 678 681 725 727 729 732 872 873 
557 56.0 64.0 20.0 24.0 3 1 709 811 867 874 
558 56.0 64.0 24.0 48.0 3 1 699 701 703 706 801 803 805 808 874 875 
559 56.0 64.0 72.0 96.0 3 1 750 752 754 757 852 854 856 859 876 877 
560 56.0 64.0 96.0 100.0 3 1 760 862 868 877 
561 72.0 96.0 56.0 64.0 3 1 776 778 780 783 827 829 831 834 878 879 
562 96.0 100.0 56.0 64.0 3 1 786 837 870 879 
563 48.0 72.0 48.0 72.0 3 1 873 875 876 878 
564 0.0 20.0 0.0 20.0 4 0 930 
565 10.0 20.0 20.0 26.0 4 0 880 930 
566 10.0 20.0 26.0 32.0 4 0 881 
567 10.0 20.0 32.0 40.0 4 0 882 
568 10.0 20.0 40.0 48.0 4 0 883 
569 10.0 20.0 48.0 56.0 4 0 884 
570 20.0 26.0 10.0 20.0 4 0 905 930 
571 26.0 32.0 10.0 20.0 4 0 906 
572 32.0 40.0 10.0 20.0 4 0 907 
573 40.0 48.0 10.0 20.0 4 0 908 
574 48.0 56.0 10.0 20.0 4 0 909 
575 24.0 32.0 24.0 32.0 4 0 885 886 910 911 
576 32.0 40.0 24.0 32.0 4 0 886 887 914 915 
577 40.0 48.0 24.0 32.0 4 0 887 888 916 917 
578 48.0 56.0 24.0 32.0 4 0 888 918 919 
579 24.0 32.0 32.0 40.0 4 0 889 890 911 912 
580 24.0 32.0 40.0 48.0 4 0 891 892 912 913 
581 24.0 32.0 48.0 56.0 4 0 893 894 913 
582 48.0 56.0 32.0 40.0 4 0 920 921 
583 48.0 56.0 40.0 42.0 4 1 922 923 
584 48.0 52.0 42.0 48.0 4 0 924 925 
585 52.0 56.0 42.0 48.0 4 0 925 926 
586 32.0 40.0 48.0 56.0 4 0 895 896 
587 40.0 42.0 48.0 56.0 4 1 897 898 
588 42.0 48.0 48.0 52.0 4 0 899 900 
589 42.0 48.0 52.0 56.0 4 0 900 901 
590 20.0 24.0 20.0 24.0 4 1 880 902 905 927 930 
591 20.0 24.0 24.0 40.0 4 1 881 882 885 889 902 903 
592 20.0 24.0 40.0 56.0 4 1 883 884 891 893 903 904 
593 24.0 40.0 20.0 24.0 4 1 906 907 910 914 927 928 
594 40.0 56.0 20.0 24.0 4 1 908 909 916 918 928 929 
595 32.0 48.0 32.0 48.0 4 1 890 892 895 897 899 915 917 920 922 924 
596 100.0 120.0 0.0 20.0 4 0 1032 
597 0.0 20.0 100.0 120.0 4 0 981 
598 100.0 120.0 100.0 120.0 4 0 1083 
599 100.0 110.0 20.0 26.0 4 0 982 1032 
600 10.0 20.0 94.0 100.0 4 0 931 981 
601 100.0 110.0 94.0 100.0 4 0 1033 1083 
602 100.0 110.0 26.0 32.0 4 0 983 
603 10.0 20.0 88.0 94.0 4 0 932 
604 100.0 110.0 88.0 94.0 4 0 1034 
605 100.0 110.0 32.0 40.0 4 0 984 
606 10.0 20.0 80.0 88.0 4 0 933 
607 100.0 110.0 80.0 88.0 4 0 1035 
608 100.0 110.0 40.0 48.0 4 0 985 
609 10.0 20.0 72.0 80.0 4 0 934 
610 100.0 110.0 72.0 80.0 4 0 1036 
611 100.0 110.0 48.0 56.0 4 0 986 
612 10.0 20.0 64.0 72.0 4 0 935 
613 100.0 110.0 64.0 72.0 4 0 1037 
614 94.0 100.0 10.0 20.0 4 0 1007 1032 
615 20.0 26.0 100.0 110.0 4 0 956 981 
616 94.0 100.0 100.0 110.0 4 0 1058 1083 
617 88.0 94.0 10.0 20.0 4 0 1008 
618 26.0 32.0 100.0 110.0 4 0 957 
619 88.0 94.0 100.0 110.0 4 0 1059 
620 80.0 88.0 10.0 20.0 4 0 1009 
621 32.0 40.0 100.0 110.0 4 0 958 
622 80.0 88.0 100.0 110.0 4 0 1060 
623 72.0 80.0 10.0 20.0 4 0 1010 
624 40.0 48.0 100.0 110.0 4 0 959 
625 72.0 80.0 100.0 110.0 4 0 1061 
626 64.0 72.0 10.0 20.0 4 0 1011 
627 48.0 56.0 100.0 110.0 4 0 960 
628 64.0 72.0 100.0 110.0 4 0 1062 
629 88.0 96.0 24.0 32.0 4 0 987 988 1012 1013 
630 24.0 32.0 88.0 96.0 4 0 936 937 961 962 
631 88.0 96.0 88.0 96.0 4 0 1038 1039 1063 1064 
632 80.0 88.0 24.0 32.0 4 0 988 989 1016 1017 
633 32.0 40.0 88.0 96.0 4 0 937 938 965 966 
634 80.0 88.0 88.0 96.0 4 0 1039 1040 1067 1068 
635 72.0 80.0 24.0 32.0 4 0 989 990 1018 1019 
636 40.0 48.0 88.0 96.0 4 0 938 939 967 968 
637 72.0 80.0 88.0 96.0 4 0 1040 1041 1069 1070 
638 64.0 72.0 24.0 32.0 4 0 990 1020 1021 
639 48.0 56.0 88.0 96.0 4 0 939 969 970 
640 64.0 72.0 88.0 96.0 4 0 1041 1071 1072 
641 88.0 96.0 32.0 40.0 4 0 991 992 1013 1014 
642 24.0 32.0 80.0 88.0 4 0 940 941 962 963 
643 88.0 96.0 80.0 88.0 4 0 1042 1043 1064 1065 
644 88.0 96.0 40.0 48.0 4 0 993 994 1014 1015 
645 24.0 32.0 72.0 80.0 4 0 942 943 963 964 
646 88.0 96.0 72.0 80.0 4 0 1044 1045 1065 1066 
647 88.0 96.0 48.0 56.0 4 0 995 996 1015 
648 24.0 32.0 64.0 72.0 4 0 944 945 964 
649 88.0 96.0 64.0 72.0 4 0 1046 1047 1066 
650 64.0 72.0 32.0 40.0 4 0 1022 1023 
651 48.0 56.0 80.0 88.0 4 0 971 972 
652 64.0 72.0 80.0 88.0 4 0 1073 1074 
653 64.0 72.0 40.0 42.0 4 1 1024 1025 
654 48.0 56.0 78.0 80.0 4 1 973 974 
655 64.0 72.0 78.0 80.0 4 1 1075 1076 
656 68.0 72.0 42.0 48.0 4 0 1026 1027 
657 48.0 52.0 72.0 78.0 4 0 975 976 
658 68.0 72.0 72.0 78.0 4 0 1077 1078 
659 64.0 68.0 42.0 48.0 4 0 1027 1028 
660 52.0 56.0 72.0 78.0 4 0 976 977 
661 64.0 68.0 72.0 78.0 4 0 1078 1079 
662 80.0 88.0 48.0 56.0 4 0 997 998 
663 32.0 40.0 64.0 72.0 4 0 946 947 
664 80.0 88.0 64.0 72.0 4 0 1048 1049 
665 78.0 80.0 48.0 56.0 4 1 999 1000 
666 40.0 42.0 64.0 72.0 4 1 948 949 
667 78.0 80.0 64.0 72.0 4 1 1050 1051 
668 72.0 78.0 48.0 52.0 4 0 1001 1002 
669 42.0 48.0 68.0 72.0 4 0 950 951 
670 72.0 78.0 68.0 72.0 4 0 1052 1053 
671 72.0 78.0 52.0 56.0 4 0 1002 1003 
672 42.0 48.0 64.0 68.0 4 0 951 952 
673 72.0 78.0 64.0 68.0 4 0 1053 1054 
674 96.0 100.0 20.0 24.0 4 1 982 1004 1007 1029 1032 
675 20.0 24.0 96.0 100.0 4 1 931 953 956 978 981 
676 96.0 100.0 96.0 100.0 4 1 1033 1055 1058 1080 1083 
677 96.0 100.0 24.0 40.0 4 1 983 984 987 991 1004 1005 
678 20.0 24.0 80.0 96.0 4 1 932 933 936 940 953 954 
679 96.0 100.0 80.0 96.0 4 1 1034 1035 1038 1042 1055 1056 
680 96.0 100.0 40.0 56.0 4 1 985 986 993 995 1005 1006 
681 20.0 24.0 64.0 80.0 4 1 934 935 942 944 954 955 
682 96.0 100.0 64.0 80.0 4 1 1036 1037 1044 1046 1056 1057 
683 80.0 96.0 20.0 24.0 4 1 1008 1009 1012 1016 1029 1030 
684 24.0 40.0 96.0 100.0 4 1 957 958 961 965 978 979 
685 80.0 96.0 96.0 100.0 4 1 1059 1060 1063 1067 1080 1081 
686 64.0 80.0 20.0 24.0 4 1 1010 1011 1018 1020 1030 1031 
687 40.0 56.0 96.0 100.0 4 1 959 960 967 969 979 980 
688 64.0 80.0 96.0 100.0 4 1 1061 1062 1069 1071 1081 1082 
689 72.0 88.0 32.0 48.0 4 1 992 994 997 999 1001 1017 1019 1022 1024 1026 
690 32.0 48.0 72.0 88.0 4 1 941 943 946 948 950 966 968 971 973 975 
691 72.0 88.0 72.0 88.0 4 1 1043 1045 1048 1050 1052 1068 1070 1073 1075 1077 
692 10.0 20.0 56.0 64.0 4 2 1084 1085 
693 56.0 64.0 10.0 20.0 4 2 1086 1087 
694 56.0 64.0 100.0 110.0 4 2 1088 1089 
695 100.0 110.0 56.0 64.0 4 2 1090 1091 
696 20.0 24.0 56.0 64.0 4 1 904 955 1085 1092 
697 24.0 48.0 56.0 64.0 4 1 894 896 898 901 945 947 949 952 1092 1093 
698 56.0 64.0 20.0 24.0 4 1 929 1031 1087 1094 
699 56.0 64.0 24.0 48.0 4 1 919 921 923 926 1021 1023 1025 1028 1094 1095 
700 56.0 64.0 72.0 96.0 4 1 970 972 974 977 1072 1074 1076 1079 1096 1097 
701 56.0 64.0 96.0 100.0 4 1 980 1082 1088 1097 
702 72.0 96.0 56.0 64.0 4 1 996 998 1000 1003 1047 1049 1051 1054 1098 1099 
703 96.0 100.0 56.0 64.0 4 1 1006 1057 1090 1099 
704 48.0 72.0 48.0 72.0 4 1 1093 1095 1096 1098 
705 0.0 20.0 0.0 20.0 5 0 1150 
706 10.0 20.0 20.0 26.0 5 0 1100 1150 
707 10.0 20.0 26.0 32.0 5 0 1101 
708 10.0 20.0 32.0 40.0 5 0 1102 
709 10.0 20.0 40.0 48.0 5 0 1103 
710 10.0 20.0 48.0 56.0 5 0 1104 
711 20.0 26.0 10.0 20.0 5 0 1125 1150 
712 26.0 32.0 10.0 20.0 5 0 1126 
713 32.0 40.0 10.0 20.0 5 0 1127 
714 40.0 48.0 10.0 20.0 5 0 1128 
715 48.0 56.0 10.0 20.0 5 0 1129 
716 24.0 32.0 24.0 32.0 5 0 1105 1106 1130 1131 
717 32.0 40.0 24.0 32.0 5 0 1106 1107 1134 1135 
718 40.0 48.0 24.0 32.0 5 0 1107 1108 1136 1137 
719 48.0 56.0 24.0 32.0 5 0 1108 1138 1139 
720 24.0 32.0 32.0 40.0 5 0 1109 1110 1131 1132 
721 24.0 32.0 40.0 48.0 5 0 1111 1112 1132 1133 
722 24.0 32.0 48.0 56.0 5 0 1113 1114 1133 
723 48.0 56.0 32.0 40.0 5 0 1140 1141 
724 48.0 56.0 40.0 42.0 5 1 1142 1143 
725 48.0 52.0 42.0 48.0 5 0 1144 1145 
726 52.0 56.0 42.0 48.0 5 0 1145 1146 
727 32.0 40.0 48.0 56.0 5 0 1115 1116 
728 40.0 42.0 48.0 56.0 5 1 1117 1118 
729 42.0 48.0 48.0 52.0 5 0 1119 1120 
730 42.0 48.0 52.0 56.0 5 0 1120 1121 
731 20.0 24.0 20.0 24.0 5 1 1100 1122 1125 1147 1150 
732 20.0 24.0 24.0 40.0 5 1 1101 1102 1105 1109 1122 1123 
733 20.0 24.0 40.0 56.0 5 1 1103 1104 1111 1113 1123 1124 
734 24.0 40.0 20.0 24.0 5 1 1126 1127 1130 1134 1147 1148 
735 40.0 56.0 20.0 24.0 5 1 1128 1129 1136 1138 1148 1149 
736 32.0 48.0 32.0 48.0 5 1 1110 1112 1115 1117 1119 1135 1137 1140 1142 1144 
737 100.0 120.0 0.0 20.0 5 0 1252 
738 0.0 20.0 100.0 120.0 5 0 1201 
739 100.0 120.0 100.0 120.0 5 0 1303 
740 100.0 110.0 20.0 26.0 5 0 1202 1252 
741 10.0 20.0 94.0 100.0 5 0 1151 1201 
742 100.0 110.0 94.0 100.0 5 0 1253 1303 
743 100.0 110.0 26.0 32.0 5 0 1203 
744 10.0 20.0 88.0 94.0 5 0 1152 
745 100.0 110.0 88.0 94.0 5 0 1254 
746 100.0 110.0 32.0 40.0 5 0 1204 
747 10.0 20.0 80.0 88.0 5 0 1153 
748 100.0 110.0 80.0 88.0 5 0 1255 
749 100.0 110.0 40.0 48.0 5 0 1205 
750 10.0 20.0 72.0 80.0 5 0 1154 
751 100.0 110.0 72.0 80.0 5 0 1256 
752 100.0 110.0 48.0 56.0 5 0 1206 
753 10.0 20.0 64.0 72.0 5 0 1155 
754 100.0 110.0 64.0 72.0 5 0 1257 
755 94.0 100.0 10.0 20.0 5 0 1227 1252 
756 20.0 26.0 100.0 110.0 5 0 1176 1201 
757 94.0 100.0 100.0 110.0 5 0 1278 1303 
758 88.0 94.0 10.0 20.0 5 0 1228 
759 26.0 32.0 100.0 110.0 5 0 1177 
760 88.0 94.0 100.0 110.0 5 0 1279 
761 80.0 88.0 10.0 20.0 5 0 1229 
762 32.0 40.0 100.0 110.0 5 0 1178 
763 80.0 88.0 100.0 110.0 5 0 1280 
764 72.0 80.0 10.0 20.0 5 0 1230 
765 40.0 48.0 100.0 110.0 5 0 1179 
766 72.0 80.0 100.0 110.0 5 0 1281 
767 64.0 72.0 10.0 20.0 5 0 1231 
768 48.0 56.0 100.0 110.0 5 0 1180 
769 64.0 72.0 100.0 110.0 5 0 1282 
770 88.0 96.0 24.0 32.0 5 0 1207 1208 1232 1233 
771 24.0 32.0 88.0 96.0 5 0 1156 1157 1181 1182 
772 88.0 96.0 88.0 96.0 5 0 1258 1259 1283 1284 
773 80.0 88.0 24.0 32.0 5 0 1208 1209 1236 1237 
774 32.0 40.0 88.0 96.0 5 0 1157 1158 1185 1186 
775 80.0 88.0 88.0 96.0 5 0 1259 1260 1287 1288 
776 72.0 80.0 24.0 32.0 5 0 1209 1210 1238 1239 
777 40.0 48.0 88.0 96.0 5 0 1158 1159 1187 1188 
778 72.0 80.0 88.0 96.0 5 0 1260 1261 1289 1290 
779 64.0 72.0 24.0 32.0 5 0 1210 1240 1241 
780 48.0 56.0 88.0 96.0 5 0 1159 1189 1190 
781 64.0 72.0 88.0 96.0 5 0 1261 1291 1292 
782 88.0 96.0 32.0 40.0 5 0 1211 1212 1233 1234 
783 24.0 32.0 80.0 88.0 5 0 1160 1161 1182 1183 
784 88.0 96.0 80.0 88.0 5 0 1262 1263 1284 1285 
785 88.0 96.0 40.0 48.0 5 0 1213 1214 1234 1235 
786 24.0 32.0 72.0 80.0 5 0 1162 1163 1183 1184 
787 88.0 96.0 72.0 80.0 5 0 1264 1265 1285 1286 
788 88.0 96.0 48.0 56.0 5 0 1215 1216 1235 
789 24.0 32.0 64.0 72.0 5 0 1164 1165 1184 
790 88.0 96.0 64.0 72.0 5 0 1266 1267 1286 
791 64.0 72.0 32.0 40.0 5 0 1242 1243 
792 48.0 56.0 80.0 88.0 5 0 1191 1192 
793 64.0 72.0 80.0 88.0 5 0 1293 1294 
794 64.0 72.0 40.0 42.0 5 1 1244 1245 
795 48.0 56.0 78.0 80.0 5 1 1193 1194 
796 64.0 72.0 78.0 80.0 5 1 1295 1296 
797 68.0 72.0 42.0 48.0 5 0 1246 1247 
798 48.0 52.0 72.0 78.0 5 0 1195 1196 
799 68.0 72.0 72.0 78.0 5 0 1297 1298 
800 64.0 68.0 42.0 48.0 5 0 1247 1248 
801 52.0 56.0 72.0 78.0 5 0 1196 1197 
802 64.0 68.0 72.0 78.0 5 0 1298 1299 
803 80.0 88.0 48.0 56.0 5 0 1217 1218 
804 32.0 40.0 64.0 72.0 5 0 1166 1167 
805 80.0 88.0 64.0 72.0 5 0 1268 1269 
806 78.0 80.0 48.0 56.0 5 1 1219 1220 
807 40.0 42.0 64.0 72.0 5 1 1168 1169 
808 78.0 80.0 64.0 72.0 5 1 1270 1271 
809 72.0 78.0 48.0 52.0 5 0 1221 1222 
810 42.0 48.0 68.0 72.0 5 0 1170 1171 
811 72.0 78.0 68.0 72.0 5 0 1272 1273 
812 72.0 78.0 52.0 56.0 5 0 1222 1223 
813 42.0 48.0 64.0 68.0 5 0 1171 1172 
814 72.0 78.0 64.0 68.0 5 0 1273 1274 
815 96.0 100.0 20.0 24.0 5 1 1202 1224 1227 1249 1252 
816 20.0 24.0 96.0 100.0 5 1 1151 1173 1176 1198 1201 
817 96.0 100.0 96.0 100.0 5 1 1253 1275 1278 1300 1303 
818 96.0 100.0 24.0 40.0 5 1 1203 1204 1207 1211 1224 1225 
819 20.0 24.0 80.0 96.0 5 1 1152 1153 1156 1160 1173 1174 
820 96.0 100.0 80.0 96.0 5 1 1254 1255 1258 1262 1275 1276 
821 96.0 100.0 40.0 56.0 5 1 1205 1206 1213 1215 1225 1226 
822 20.0 24.0 64.0 80.0 5 1 1154 1155 1162 1164 1174 1175 
823 96.0 100.0 64.0 80.0 5 1 1256 1257 1264 1266 1276 1277 
824 80.0 96.0 20.0 24.0 5 1 1228 1229 1232 1236 1249 1250 
825 24.0 40.0 96.0 100.0 5 1 1177 1178 1181 1185 1198 1199 
826 80.0 96.0 96.0 100.0 5 1 1279 1280 1283 1287 1300 1301 
827 64.0 80.0 20.0 24.0 5 1 1230 1231 1238 1240 1250 1251 
828 40.0 56.0 96.0 100.0 5 1 1179 1180 1187 1189 1199 1200 
829 64.0 80.0 96.0 100.0 5 1 1281 1282 1289 1291 1301 1302 
830 72.0 88.0 32.0 48.0 5 1 1212 1214 1217 1219 1221 1237 1239 1242 1244 1246 
831 32.0 48.0 72.0 88.0 5 1 1161 1163 1166 1168 1170 1186 1188 1191 1193 1195 
832 72.0 88.0 72.0 88.0 5 1 1263 1265 1268 1270 1272 1288 1290 1293 1295 1297 
833 10.0 20.0 56.0 64.0 5 2 1304 1305 
834 56.0 64.0 10.0 20.0 5 2 1306 1307 
835 56.0 64.0 100.0 110.0 5 2 1308 1309 
836 100.0 110.0 56.0 64.0 5 2 1310 1311 
837 20.0 24.0 56.0 64.0 5 1 1124 1175 1305 1312 
838 24.0 48.0 56.0 64.0 5 1 1114 1116 1118 1121 1165 1167 1169 1172 1312 1313 
839 56.0 64.0 20.0 24.0 5 1 1149 1251 1307 1314 
840 56.0 64.0 24.0 48.0 5 1 1139 1141 1143 1146 1241 1243 1245 1248 1314 1315 
841 56.0 64.0 72.0 96.0 5 1 1190 1192 1194 1197 1292 1294 1296 1299 1316 1317 
842 56.0 64.0 96.0 100.0 5 1 1200 1302 1308 1317 
843 72.0 96.0 56.0 64.0 5 1 1216 1218 1220 1223 1267 1269 1271 1274 1318 1319 
844 96.0 100.0 56.0 64.0 5 1 1226 1277 1310 1319 
845 48.0 72.0 48.0 72.0 5 1 1313 1315 1316 1318 
846 0.0 20.0 0.0 20.0 6 0 1370 
847 10.0 20.0 20.0 26.0 6 0 1320 1370 
848 10.0 20.0 26.0 32.0 6 0 1321 
849 10.0 20.0 32.0 40.0 6 0 1322 
850 10.0 20.0 40.0 48.0 6 0 1323 
851 10.0 20.0 48.0 56.0 6 0 1324 
852 20.0 26.0 10.0 20.0 6 0 1345 1370 
853 26.0 32.0 10.0 20.0 6 0 1346 
854 32.0 40.0 10.0 20.0 6 0 1347 
855 40.0 48.0 10.0 20.0 6 0 1348 
856 48.0 56.0 10.0 20.0 6 0 1349 
857 24.0 32.0 24.0 32.0 6 0 1325 1326 1350 1351 
858 32.0 40.0 24.0 32.0 6 0 1326 1327 1354 1355 
859 40.0 48.0 24.0 32.0 6 0 1327 1328 1356 1357 
860 48.0 56.0 24.0 32.0 6 0 1328 1358 1359 
861 24.0 32.0 32.0 40.0 6 0 1329 1330 1351 1352 
862 24.0 32.0 40.0 48.0 6 0 1331 1332 1352 1353 
863 24.0 32.0 48.0 56.0 6 0 1333 1334 1353 
864 48.0 56.0 32.0 40.0 6 0 1360 1361 
865 48.0 56.0 40.0 42.0 6 1 1362 1363 
866 48.0 52.0 42.0 48.0 6 0 1364 1365 
867 52.0 56.0 42.0 48.0 6 0 1365 1366 
868 32.0 40.0 48.0 56.0 6 0 1335 1336 
869 40.0 42.0 48.0 56.0 6 1 1337 1338 
870 42.0 48.0 48.0 52.0 6 0 1339 1340 
871 42.0 48.0 52.0 56.0 6 0 1340 1341 
872 20.0 24.0 20.0 24.0 6 1 1320 1342 1345 1367 1370 
873 20.0 24.0 24.0 40.0 6 1 1321 1322 1325 1329 1342 1343 
874 20.0 24.0 40.0 56.0 6 1 1323 1324 1331 1333 1343 1344 
875 24.0 40.0 20.0 24.0 6 1 1346 1347 1350 1354 1367 1368 
876 40.0 56.0 20.0 24.0 6 1 1348 1349 1356 1358 1368 1369 
877 32.0 48.0 32.0 48.0 6 1 1330 1332 1335 1337 1339 1355 1357 1360 1362 1364 
878 100.0 120.0 0.0 20.0 6 0 1472 
879 0.0 20.0 100.0 120.0 6 0 1421 
880 100.0 120.0 100.0 120.0 6 0 1523 
881 100.0 110.0 20.0 26.0 6 0 1422 1472 
882 10.0 20.0 94.0 100.0 6 0 1371 1421 
883 100.0 110.0 94.0 100.0 6 0 1473 1523 
884 100.0 110.0 26.0 32.0 6 0 1423 
885 10.0 20.0 88.0 94.0 6 0 1372 
886 100.0 110.0 88.0 94.0 6 0 1474 
887 100.0 110.0 32.0 40.0 6 0 1424 
888 10.0 20.0 80.0 88.0 6 0 1373 
889 100.0 110.0 80.0 88.0 6 0 1475 
890 100.0 110.0 40.0 48.0 6 0 1425 
891 10.0 20.0 72.0 80.0 6 0 1374 
892 100.0 110.0 72.0 80.0 6 0 1476 
893 100.0 110.0 48.0 56.0 6 0 1426 
894 10.0 20.0 64.0 72.0 6 0 1375 
895 100.0 110.0 64.0 72.0 6 0 1477 
896 94.0 100.0 10.0 20.0 6 0 1447 1472 
897 20.0 26.0 100.0 110.0 6 0 1396 1421 
898 94.0 100.0 100.0 110.0 6 0 1498 1523 
899 88.0 94.0 10.0 20.0 6 0 1448 
900 26.0 32.0 100.0 110.0 6 0 1397 
901 88.0 94.0 100.0 110.0 6 0 1499 
902 80.0 88.0 10.0 20.0 6 0 1449 
903 32.0 40.0 100.0 110.0 6 0 1398 
904 80.0 88.0 100.0 110.0 6 0 1500 
905 72.0 80.0 10.0 20.0 6 0 1450 
906 40.0 48.0 100.0 110.0 6 0 1399 
907 72.0 80.0 100.0 110.0 6 0 1501 
908 64.0 72.0 10.0 20.0 6 0 1451 
909 48.0 56.0 100.0 110.0 6 0 1400 
910 64.0 72.0 100.0 110.0 6 0 1502 
911 88.0 96.0 24.0 32.0 6 0 1427 1428 1452 1453 
912 24.0 32.0 88.0 96.0 6 0 1376 1377 1401 1402 
913 88.0 96.0 88.0 96.0 6 0 1478 1479 1503 1504 
914 80.0 88.0 24.0 32.0 6 0 1428 1429 1456 1457 
915 32.0 40.0 88.0 96.0 6 0 1377 1378 1405 1406 
916 80.0 88.0 88.0 96.0 6 0 1479 1480 1507 1508 
917 72.0 80.0 24.0 32.0 6 0 1429 1430 1458 1459 
918 40.0 48.0 88.0 96.0 6 0 1378 1379 1407 1408 
919 72.0 80.0 88.0 96.0 6 0 1480 1481 1509 1510 
920 64.0 72.0 24.0 32.0 6 0 1430 1460 1461 
921 48.0 56.0 88.0 96.0 6 0 1379 1409 1410 
922 64.0 72.0 88.0 96.0 6 0 1481 1511 1512 
923 88.0 96.0 32.0 40.0 6 0 1431 1432 1453 1454 
924 24.0 32.0 80.0 88.0 6 0 1380 1381 1402 1403 
925 88.0 96.0 80.0 88.0 6 0 1482 1483 1504 1505 
926 88.0 96.0 40.0 48.0 6 0 1433 1434 1454 1455 
927 24.0 32.0 72.0 80.0 6 0 1382 1383 1403 1404 
928 88.0 96.0 72.0 80.0 6 0 1484 1485 1505 1506 
929 88.0 96.0 48.0 56.0 6 0 1435 1436 1455 
930 24.0 32.0 64.0 72.0 6 0 1384 1385 1404 
931 88.0 96.0 64.0 72.0 6 0 1486 1487 1506 
932 64.0 72.0 32.0 40.0 6 0 1462 1463 
933 48.0 56.0 80.0 88.0 6 0 1411 1412 
934 64.0 72.0 80.0 88.0 6 0 1513 1514 
935 64.0 72.0 40.0 42.0 6 1 1464 1465 
936 48.0 56.0 78.0 80.0 6 1 1413 1414 
937 64.0 72.0 78.0 80.0 6 1 1515 1516 
938 68.0 72.0 42.0 48.0 6 0 1466 1467 
939 48.0 52.0 72.0 78.0 6 0 1415 1416 
940 68.0 72.0 72.0 78.0 6 0 1517 1518 
941 64.0 68.0 42.0 48.0 6 0 1467 1468 
942 52.0 56.0 72.0 78.0 6 0 1416 1417 
943 64.0 68.0 72.0 78.0 6 0 1518 1519 
944 80.0 88.0 48.0 56.0 6 0 1437 1438 
945 32.0 40.0 64.0 72.0 6 0 1386 1387 
946 80.0 88.0 64.0 72.0 6 0 1488 1489 
947 78.0 80.0 48.0 56.0 6 1 1439 1440 
948 40.0 42.0 64.0 72.0 6 1 1388 1389 
949 78.0 80.0 64.0 72.0 6 1 1490 1491 
950 72.0 78.0 48.0 52.0 6 0 1441 1442 
951 42.0 48.0 68.0 72.0 6 0 1390 1391 
952 72.0 78.0 68.0 72.0 6 0 1492 1493 
953 72.0 78.0 52.0 56.0 6 0 1442 1443 
954 42.0 48.0 64.0 68.0 6 0 1391 1392 
955 72.0 78.0 64.0 68.0 6 0 1493 1494 
956 96.0 100.0 20.0 24.0 6 1 1422 1444 1447 1469 1472 
957 20.0 24.0 96.0 100.0 6 1 1371 1393 1396 1418 1421 
958 96.0 100.0 96.0 100.0 6 1 1473 1495 1498 1520 1523 
959 96.0 100.0 24.0 40.0 6 1 1423 1424 1427 1431 1444 1445 
960 20.0 24.0 80.0 96.0 6 1 1372 1373 1376 1380 1393 1394 
961 96.0 100.0 80.0 96.0 6 1 1474 1475 1478 1482 1495 1496 
962 96.0 100.0 40.0 56.0 6 1 1425 1426 1433 1435 1445 1446 
963 20.0 24.0 64.0 80.0 6 1 1374 1375 1382 1384 1394 1395 
964 96.0 100.0 64.0 80.0 6 1 1476 1477 1484 1486 1496 1497 
965 80.0 96.0 20.0 24.0 6 1 1448 1449 1452 1456 1469 1470 
966 24.0 40.0 96.0 100.0 6 1 1397 1398 1401 1405 1418 1419 
967 80.0 96.0 96.0 100.0 6 1 1499 1500 1503 1507 1520 1521 
968 64.0 80.0 20.0 24.0 6 1 1450 1451 1458 1460 1470 1471 
969 40.0 56.0 96.0 100.0 6 1 1399 1400 1407 1409 1419 1420 
970 64.0 80.0 96.0 100.0 6 1 1501 1502 1509 1511 1521 1522 
971 72.0 88.0 32.0 48.0 6 1 1432 1434 1437 1439 1441 1457 1459 1462 1464 1466 
972 32.0 48.0 72.0 88.0 6 1 1381 1383 1386 1388 1390 1406 1408 1411 1413 1415 
973 72.0 88.0 72.0 88.0 6 1 1483 1485 1488 1490 1492 1508 1510 1513 1515 1517 
974 10.0 20.0 56.0 64.0 6 2 1524 1525 
975 56.0 64.0 10.0 20.0 6 2 1526 1527 
976 56.0 64.0 100.0 110.0 6 2 1528 1529 
977 100.0 110.0 56.0 64.0 6 2 1530 1531 
978 20.0 24.0 56.0 64.0 6 1 1344 1395 1525 1532 
979 24.0 48.0 56.0 64.0 6 1 1334 1336 1338 1341 1385 1387 1389 1392 1532 1533 
980 56.0 64.0 20.0 24.0 6 1 1369 1471 1527 1534 
981 56.0 64.0 24.0 48.0 6 1 1359 1361 1363 1366 1461 1463 1465 1468 1534 1535 
982 56.0 64.0 72.0 96.0 6 1 1410 1412 1414 1417 1512 1514 1516 1519 1536 1537 
983 56.0 64.0 96.0 100.0 6 1 1420 1522 1528 1537 
984 72.0 96.0 56.0 64.0 6 1 1436 1438 1440 1443 1487 1489 1491 1494 1538 1539 
985 96.0 100.0 56.0 64.0 6 1 1446 1497 1530 1539 
986 48.0 72.0 48.0 72.0 6 1 1533 1535 1536 1538 
987 0.0 20.0 0.0 20.0 7 0 1590 
988 10.0 20.0 20.0 26.0 7 0 1540 1590 
989 10.0 20.0 26.0 32.0 7 0 1541 
990 10.0 20.0 32.0 40.0 7 0 1542 
991 10.0 20.0 40.0 48.0 7 0 1543 
992 10.0 20.0 48.0 56.0 7 0 1544 
993 20.0 26.0 10.0 20.0 7 0 1565 1590 
994 26.0 32.0 10.0 20.0 7 0 1566 
995 32.0 40.0 10.0 20.0 7 0 1567 
996 40.0 48.0 10.0 20.0 7 0 1568 
997 48.0 56.0 10.0 20.0 7 0 1569 
998 24.0 32.0 24.0 32.0 7 0 1545 1546 1570 1571 
999 32.0 40.0 24.0 32.0 7 0 1546 1547 1574 1575 
1000 40.0 48.0 24.0 32.0 7 0 1547 1548 1576 1577 
1001 48.0 56.0 24.0 32.0 7 0 1548 1578 1579 
1002 24.0 32.0 32.0 40.0 7 0 1549 1550 1571 1572 
1003 24.0 32.0 40.0 48.0 7 0 1551 1552 1572 1573 
1004 24.0 32.0 48.0 56.0 7 0 1553 1554 1573 
1005 48.0 56.0 32.0 40.0 7 0 1580 1581 
1006 48.0 56.0 40.0 42.0 7 1 1582 1583 
1007 48.0 52.0 42.0 48.0 7 0 1584 1585 
1008 52.0 56.0 42.0 48.0 7 0 1585 1586 
1009 32.0 40.0 48.0 56.0 7 0 1555 1556 
1010 40.0 42.0 48.0 56.0 7 1 1557 1558 
1011 42.0 48.0 48.0 52.0 7 0 1559 1560 
1012 42.0 48.0 52.0 56.0 7 0 1560 1561 
1013 20.0 24.0 20.0 24.0 7 1 1540 1562 1565 1587 1590 
1014 20.0 24.0 24.0 40.0 7 1 1541 1542 1545 1549 1562 1563 
1015 20.0 24.0 40.0 56.0 7 1 1543 1544 1551 1553 1563 1564 
1016 24.0 40.0 20.0 24.0 7 1 1566 1567 1570 1574 1587 1588 
1017 40.0 56.0 20.0 24.0 7 1 1568 1569 1576 1578 1588 1589 
1018 32.0 48.0 32.0 48.0 7 1 1550 1552 1555 1557 1559 1575 1577 1580 1582 1584 
1019 100.0 120.0 0.0 20.0 7 0 1692 
1020 0.0 20.0 100.0 120.0 7 0 1641 
1021 100.0 120.0 100.0 120.0 7 0 1743 
1022 100.0 110.0 20.0 26.0 7 0 1642 1692 
1023 10.0 20.0 94.0 100.0 7 0 1591 1641 
1024 100.0 110.0 94.0 100.0 7 0 1693 1743 
1025 100.0 110.0 26.0 32.0 7 0 1643 
1026 10.0 20.0 88.0 94.0 7 0 1592 
1027 100.0 110.0 88.0 94.0 7 0 1694 
1028 100.0 110.0 32.0 40.0 7 0 1644 
1029 10.0 20.0 80.0 88.0 7 0 1593 
1030 100.0 110.0 80.0 88.0 7 0 1695 
1031 100.0 110.0 40.0 48.0 7 0 1645 
1032 10.0 20.0 72.0 80.0 7 0 1594 
1033 100.0 110.0 72.0 80.0 7 0 1696 
1034 100.0 110.0 48.0 56.0 7 0 1646 
1035 10.0 20.0 64.0 72.0 7 0 1595 
1036 100.0 110.0 64.0 72.0 7 0 1697 
1037 94.0 100.0 10.0 20.0 7 0 1667 1692 
1038 20.0 26.0 100.0 110.0 7 0 1616 1641 
1039 94.0 100.0 100.0 110.0 7 0 1718 1743 
1040 88.0 94.0 10.0 20.0 7 0 1668 
1041 26.0 32.0 100.0 110.0 7 0 1617 
1042 88.0 94.0 100.0 110.0 7 0 1719 
1043 80.0 88.0 10.0 20.0 7 0 1669 
1044 32.0 40.0 100.0 110.0 7 0 1618 
1045 80.0 88.0 100.0 110.0 7 0 1720 
1046 72.0 80.0 10.0 20.0 7 0 1670 
1047 40.0 48.0 100.0 110.0 7 0 1619 
1048 72.0 80.0 100.0 110.0 7 0 1721 
1049 64.0 72.0 10.0 20.0 7 0 1671 
1050 48.0 56.0 100.0 110.0 7 0 1620 
1051 64.0 72.0 100.0 110.0 7 0 1722 
1052 88.0 96.0 24.0 32.0 7 0 1647 1648 1672 1673 
1053 24.0 32.0 88.0 96.0 7 0 1596 1597 1621 1622 
1054 88.0 96.0 88.0 96.0 7 0 1698 1699 1723 1724 
1055 80.0 88.0 24.0 32.0 7 0 1648 1649 1676 1677 
1056 32.0 40.0 88.0 96.0 7 0 1597 1598 1625 1626 
1057 80.0 88.0 88.0 96.0 7 0 1699 1700 1727 1728 
1058 72.0 80.0 24.0 32.0 7 0 1649 1650 1678 1679 
1059 40.0 48.0 88.0 96.0 7 0 1598 1599 1627 1628 
1060 72.0 80.0 88.0 96.0 7 0 1700 1701 1729 1730 
1061 64.0 72.0 24.0 32.0 7 0 1650 1680 1681 
1062 48.0 56.0 88.0 96.0 7 0 1599 1629 1630 
1063 64.0 72.0 88.0 96.0 7 0 1701 1731 1732 
1064 88.0 96.0 32.0 40.0 7 0 1651 1652 1673 1674 
1065 24.0 32.0 80.0 88.0 7 0 1600 1601 1622 1623 
1066 88.0 96.0 80.0 88.0 7 0 1702 1703 1724 1725 
1067 88.0 96.0 40.0 48.0 7 0 1653 1654 1674 1675 
1068 24.0 32.0 72.0 80.0 7 0 1602 1603 1623 1624 
1069 88.0 96.0 72.0 80.0 7 0 1704 1705 1725 1726 
1070 88.0 96.0 48.0 56.0 7 0 1655 1656 1675 
1071 24.0 32.0 64.0 72.0 7 0 1604 1605 1624 
1072 88.0 96.0 64.0 72.0 7 0 1706 1707 1726 
1073 64.0 72.0 32.0 40.0 7 0 1682 1683 
1074 48.0 56.0 80.0 88.0 7 0 1631 1632 
1075 64.0 72.0 80.0 88.0 7 0 1733 1734 
1076 64.0 72.0 40.0 42.0 7 1 1684 1685 
1077 48.0 56.0 78.0 80.0 7 1 1633 1634 
1078 64.0 72.0 78.0 80.0 7 1 1735 1736 
1079 68.0 72.0 42.0 48.0 7 0 1686 1687 
1080 48.0 52.0 72.0 78.0 7 0 1635 1636 
1081 68.0 72.0 72.0 78.0 7 0 1737 1738 
1082 64.0 68.0 42.0 48.0 7 0 1687 1688 
1083 52.0 56.0 72.0 78.0 7 0 1636 1637 
1084 64.0 68.0 72.0 78.0 7 0 1738 1739 
1085 80.0 88.0 48.0 56.0 7 0 1657 1658 
1086 32.0 40.0 64.0 72.0 7 0 1606 1607 
1087 80.0 88.0 64.0 72.0 7 0 1708 1709 
1088 78.0 80.0 48.0 56.0 7 1 1659 1660 
1089 40.0 42.0 64.0 72.0 7 1 1608 1609 
1090 78.0 80.0 64.0 72.0 7 1 1710 1711 
1091 72.0 78.0 48.0 52.0 7 0 1661 1662 
1092 42.0 48.0 68.0 72.0 7 0 1610 1611 
1093 72.0 78.0 68.0 72.0 7 0 1712 1713 
1094 72.0 78.0 52.0 56.0 7 0 1662 1663 
1095 42.0 48.0 64.0 68.0 7 0 1611 1612 
1096 72.0 78.0 64.0 68.0 7 0 1713 1714 
1097 96.0 100.0 20.0 24.0 7 1 1642 1664 1667 1689 1692 
1098 20.0 24.0 96.0 100.0 7 1 1591 1613 1616 1638 1641 
1099 96.0 100.0 96.0 100.0 7 1 1693 1715 1718 1740 1743 
1100 96.0 100.0 24.0 40.0 7 1 1643 1644 1647 1651 1664 1665 
1101 20.0 24.0 80.0 96.0 7 1 1592 1593 1596 1600 1613 1614 
1102 96.0 100.0 80.0 96.0 7 1 1694 1695 1698 1702 1715 1716 
1103 96.0 100.0 40.0 56.0 7 1 1645 1646 1653 1655 1665 1666 
1104 20.0 24.0 64.0 80.0 7 1 1594 1595 1602 1604 1614 1615 
1105 96.0 100.0 64.0 80.0 7 1 1696 1697 1704 1706 1716 1717 
1106 80.0 96.0 20.0 24.0 7 1 1668 1669 1672 1676 1689 1690 
1107 24.0 40.0 96.0 100.0 7 1 1617 1618 1621 1625 1638 1639 
1108 80.0 96.0 96.0 100.0 7 1 1719 1720 1723 1727 1740 1741 
1109 64.0 80.0 20.0 24.0 7 1 1670 1671 1678 1680 1690 1691 
1110 40.0 56.0 96.0 100.0 7 1 1619 1620 1627 1629 1639 1640 
1111 64.0 80.0 96.0 100.0 7 1 1721 1722 1729 1731 1741 1742 
1112 72.0 88.0 32.0 48.0 7 1 1652 1654 1657 1659 1661 1677 1679 1682 1684 1686 
1113 32.0 48.0 72.0 88.0 7 1 1601 1603 1606 1608 1610 1626 1628 1631 1633 1635 
1114 72.0 88.0 72.0 88.0 7 1 1703 1705 1708 1710 1712 1728 1730 1733 1735 1737 
1115 10.0 20.0 56.0 64.0 7 2 1744 1745 
1116 56.0 64.0 10.0 20.0 7 2 1746 1747 
1117 56.0 64.0 100.0 110.0 7 2 1748 1749 
1118 100.0 110.0 56.0 64.0 7 2 1750 1751 
1119 20.0 24.0 56.0 64.0 7 1 1564 1615 1745 1752 
1120 24.0 48.0 56.0 64.0 7 1 1554 1556 1558 1561 1605 1607 1609 1612 1752 1753 
1121 56.0 64.0 20.0 24.0 7 1 1589 1691 1747 1754 
1122 56.0 64.0 24.0 48.0 7 1 1579 1581 1583 1586 1681 1683 1685 1688 1754 1755 
1123 56.0 64.0 72.0 96.0 7 1 1630 1632 1634 1637 1732 1734 1736 1739 1756 1757 
1124 56.0 64.0 96.0 100.0 7 1 1640 1742 1748 1757 
1125 72.0 96.0 56.0 64.0 7 1 1656 1658 1660 1663 1707 1709 1711 1714 1758 1759 
1126 96.0 100.0 56.0 64.0 7 1 1666 1717 1750 1759 
1127 48.0 72.0 48.0 72.0 7 1 1753 1755 1756 1758 
1128 0.0 20.0 0.0 20.0 8 0 1810 
1129 10.0 20.0 20.0 26.0 8 0 1760 1810 
1130 10.0 20.0 26.0 32.0 8 0 1761 
1131 10.0 20.0 32.0 40.0 8 0 1762 
1132 10.0 20.0 40.0 48.0 8 0 1763 
1133 10.0 20.0 48.0 56.0 8 0 1764 
1134 20.0 26.0 10.0 20.0 8 0 1785 1810 
1135 26.0 32.0 10.0 20.0 8 0 1786 
1136 32.0 40.0 10.0 20.0 8 0 1787 
1137 40.0 48.0 10.0 20.0 8 0 1788 
1138 48.0 56.0 10.0 20.0 8 0 1789 
1139 24.0 32.0 24.0 32.0 8 0 1765 1766 1790 1791 
1140 32.0 40.0 24.0 32.0 8 0 1766 1767 1794 1795 
1141 40.0 48.0 24.0 32.0 8 0 1767 1768 1796 1797 
1142 48.0 56.0 24.0 32.0 8 0 1768 1798 1799 
1143 24.0 32.0 32.0 40.0 8 0 1769 1770 1791 1792 
1144 24.0 32.0 40.0 48.0 8 0 1771 1772 1792 1793 
1145 24.0 32.0 48.0 56.0 8 0 1773 1774 1793 
1146 48.0 56.0 32.0 40.0 8 0 1800 1801 
1147 48.0 56.0 40.0 42.0 8 1 1802 1803 
1148 48.0 52.0 42.0 48.0 8 0 1804 1805 
1149 52.0 56.0 42.0 48.0 8 0 1805 1806 
1150 32.0 40.0 48.0 56.0 8 0 1775 1776 
1151 40.0 42.0 48.0 56.0 8 1 1777 1778 
1152 42.0 48.0 48.0 52.0 8 0 1779 1780 
1153 42.0 48.0 52.0 56.0 8 0 1780 1781 
1154 20.0 24.0 20.0 24.0 8 1 1760 1782 1785 1807 1810 
1155 20.0 24.0 24.0 40.0 8 1 1761 1762 1765 1769 1782 1783 
1156 20.0 24.0 40.0 56.0 8 1 1763 1764 1771 1773 1783 1784 
1157 24.0 40.0 20.0 24.0 8 1 1786 1787 1790 1794 1807 1808 
1158 40.0 56.0 20.0 24.0 8 1 1788 1789 1796 1798 1808 1809 
1159 32.0 48.0 32.0 48.0 8 1 1770 1772 1775 1777 1779 1795 1797 1800 1802 1804 
1160 100.0 120.0 0.0 20.0 8 0 1912 
1161 0.0 20.0 100.0 120.0 8 0 1861 
1162 100.0 120.0 100.0 120.0 8 0 1963 
1163 100.0 110.0 20.0 26.0 8 0 1862 1912 
1164 10.0 20.0 94.0 100.0 8 0 1811 1861 
1165 100.0 110.0 94.0 100.0 8 0 1913 1963 
1166 100.0 110.0 26.0 32.0 8 0 1863 
1167 10.0 20.0 88.0 94.0 8 0 1812 
1168 100.0 110.0 88.0 94.0 8 0 1914 
1169 100.0 110.0 32.0 40.0 8 0 1864 
1170 10.0 20.0 80.0 88.0 8 0 1813 
1171 100.0 110.0 80.0 88.0 8 0 1915 
1172 100.0 110.0 40.0 48.0 8 0 1865 
1173 10.0 20.0 72.0 80.0 8 0 1814 
1174 100.0 110.0 72.0 80.0 8 0 1916 
1175 100.0 110.0 48.0 56.0 8 0 1866 
1176 10.0 20.0 64.0 72.0 8 0 1815 
1177 100.0 110.0 64.0 72.0 8 0 1917 
1178 94.0 100.0 10.0 20.0 8 0 1887 1912 
1179 20.0 26.0 100.0 110.0 8 0 1836 1861 
1180 94.0 100.0 100.0 110.0 8 0 1938 1963 
1181 88.0 94.0 10.0 20.0 8 0 1888 
1182 26.0 32.0 100.0 110.0 8 0 1837 
1183 88.0 94.0 100.0 110.0 8 0 1939 
1184 80.0 88.0 10.0 20.0 8 0 1889 
1185 32.0 40.0 100.0 110.0 8 0 1838 
1186 80.0 88.0 100.0 110.0 8 0 1940 
1187 72.0 80.0 10.0 20.0 8 0 1890 
1188 40.0 48.0 100.0 110.0 8 0 1839 
1189 72.0 80.0 100.0 110.0 8 0 1941 
1190 64.0 72.0 10.0 20.0 8 0 1891 
1191 48.0 56.0 100.0 110.0 8 0 1840 
1192 64.0 72.0 100.0 110.0 8 0 1942 
1193 88.0 96.0 24.0 32.0 8 0 1867 1868 1892 1893 
1194 24.0 32.0 88.0 96.0 8 0 1816 1817 1841 1842 
1195 88.0 96.0 88.0 96.0 8 0 1918 1919 1943 1944 
1196 80.0 88.0 24.0 32.0 8 0 1868 1869 1896 1897 
1197 32.0 40.0 88.0 96.0 8 0 1817 1818 1845 1846 
1198 80.0 88.0 88.0 96.0 8 0 1919 1920 1947 1948 
1199 72.0 80.0 24.0 32.0 8 0 1869 1870 1898 1899 
1200 40.0 48.0 88.0 96.0 8 0 1818 1819 1847 1848 
1201 72.0 80.0 88.0 96.0 8 0 1920 1921 1949 1950 
1202 64.0 72.0 24.0 32.0 8 0 1870 1900 1901 
1203 48.0 56.0 88.0 96.0 8 0 1819 1849 1850 
1204 64.0 72.0 88.0 96.0 8 0 1921 1951 1952 
1205 88.0 96.0 32.0 40.0 8 0 1871 1872 1893 1894 
1206 24.0 32.0 80.0 88.0 8 0 1820 1821 1842 1843 
1207 88.0 96.0 80.0 88.0 8 0 1922 1923 1944 1945 
1208 88.0 96.0 40.0 48.0 8 0 1873 1874 1894 1895 
1209 24.0 32.0 72.0 80.0 8 0 1822 1823 1843 1844 
1210 88.0 96.0 72.0 80.0 8 0 1924 1925 1945 1946 
1211 88.0 96.0 48.0 56.0 8 0 1875 1876 1895 
1212 24.0 32.0 64.0 72.0 8 0 1824 1825 1844 
1213 88.0 96.0 64.0 72.0 8 0 1926 1927 1946 
1214 64.0 72.0 32.0 40.0 8 0 1902 1903 
1215 48.0 56.0 80.0 88.0 8 0 1851 1852 
1216 64.0 72.0 80.0 88.0 8 0 1953 1954 
1217 64.0 72.0 40.0 42.0 8 1 1904 1905 
1218 48.0 56.0 78.0 80.0 8 1 1853 1854 
1219 64.0 72.0 78.0 80.0 8 1 1955 1956 
1220 68.0 72.0 42.0 48.0 8 0 1906 1907 
1221 48.0 52.0 72.0 78.0 8 0 1855 1856 
1222 68.0 72.0 72.0 78.0 8 0 1957 1958 
1223 64.0 68.0 42.0 48.0 8 0 1907 1908 
1224 52.0 56.0 72.0 78.0 8 0 1856 1857 
1225 64.0 68.0 72.0 78.0 8 0 1958 1959 
1226 80.0 88.0 48.0 56.0 8 0 1877 1878 
1227 32.0 40.0 64.0 72.0 8 0 1826 1827 
1228 80.0 88.0 64.0 72.0 8 0 1928 1929 
1229 78.0 80.0 48.0 56.0 8 1 1879 1880 
1230 40.0 42.0 64.0 72.0 8 1 1828 1829 
1231 78.0 80.0 64.0 72.0 8 1 1930 1931 
1232 72.0 78.0 48.0 52.0 8 0 1881 1882 
1233 42.0 48.0 68.0 72.0 8 0 1830 1831 
1234 72.0 78.0 68.0 72.0 8 0 1932 1933 
1235 72.0 78.0 52.0 56.0 8 0 1882 1883 
1236 42.0 48.0 64.0 68.0 8 0 1831 1832 
1237 72.0 78.0 64.0 68.0 8 0 1933 1934 
1238 96.0 100.0 20.0 24.0 8 1 1862 1884 1887 1909 1912 
1239 20.0 24.0 96.0 100.0 8 1 1811 1833 1836 1858 1861 
1240 96.0 100.0 96.0 100.0 8 1 1913 1935 1938 1960 1963 
1241 96.0 100.0 24.0 40.0 8 1 1863 1864 1867 1871 1884 1885 
1242 20.0 24.0 80.0 96.0 8 1 1812 1813 1816 1820 1833 1834 
1243 96.0 100.0 80.0 96.0 8 1 1914 1915 1918 1922 1935 1936 
1244 96.0 100.0 40.0 56.0 8 1 1865 1866 1873 1875 1885 1886 
1245 20.0 24.0 64.0 80.0 8 1 1814 1815 1822 1824 1834 1835 
1246 96.0 100.0 64.0 80.0 8 1 1916 1917 1924 1926 1936 1937 
1247 80.0 96.0 20.0 24.0 8 1 1888 1889 1892 1896 1909 1910 
1248 24.0 40.0 96.0 100.0 8 1 1837 1838 1841 1845 1858 1859 
1249 80.0 96.0 96.0 100.0 8 1 1939 1940 1943 1947 1960 1961 
1250 64.0 80.0 20.0 24.0 8 1 1890 1891 1898 1900 1910 1911 
1251 40.0 56.0 96.0 100.0 8 1 1839 1840 1847 1849 1859 1860 
1252 64.0 80.0 96.0 100.0 8 1 1941 1942 1949 1951 1961 1962 
1253 72.0 88.0 32.0 48.0 8 1 1872 1874 1877 1879 1881 1897 1899 1902 1904 1906 
1254 32.0 48.0 72.0 88.0 8 1 1821 1823 1826 1828 1830 1846 1848 1851 1853 1855 
1255 72.0 88.0 72.0 88.0 8 1 1923 1925 1928 1930 1932 1948 1950 1953 1955 1957 
1256 10.0 20.0 56.0 64.0 8 2 1964 1965 
1257 56.0 64.0 10.0 20.0 8 2 1966 1967 
1258 56.0 64.0 100.0 110.0 8 2 1968 1969 
1259 100.0 110.0 56.0 64.0 8 2 1970 1971 
1260 20.0 24.0 56.0 64.0 8 1 1784 1835 1965 1972 
1261 24.0 48.0 56.0 64.0 8 1 1774 1776 1778 1781 1825 1827 1829 1832 1972 1973 
1262 56.0 64.0 20.0 24.0 8 1 1809 1911 1967 1974 
1263 56.0 64.0 24.0 48.0 8 1 1799 1801 1803 1806 1901 1903 1905 1908 1974 1975 
1264 56.0 64.0 72.0 96.0 8 1 1850 1852 1854 1857 1952 1954 1956 1959 1976 1977 
1265 56.0 64.0 96.0 100.0 8 1 1860 1962 1968 1977 
1266 72.0 96.0 56.0 64.0 8 1 1876 1878 1880 1883 1927 1929 1931 1934 1978 1979 
1267 96.0 100.0 56.0 64.0 8 1 1886 1937 1970 1979 
1268 48.0 72.0 48.0 72.0 8 1 1973 1975 1976 1978 
1269 0.0 20.0 0.0 20.0 9 0 2030 
1270 10.0 20.0 20.0 26.0 9 0 1980 2030 
1271 10.0 20.0 26.0 32.0 9 0 1981 
1272 10.0 20.0 32.0 40.0 9 0 1982 
1273 10.0 20.0 40.0 48.0 9 0 1983 
1274 10.0 20.0 48.0 56.0 9 0 1984 
1275 20.0 26.0 10.0 20.0 9 0 2005 2030 
1276 26.0 32.0 10.0 20.0 9 0 2006 
1277 32.0 40.0 10.0 20.0 9 0 2007 
1278 40.0 48.0 10.0 20.0 9 0 2008 
1279 48.0 56.0 10.0 20.0 9 0 2009 
1280 24.0 32.0 24.0 32.0 9 0 1985 1986 2010 2011 
1281 32.0 40.0 24.0 32.0 9 0 1986 1987 2014 2015 
1282 40.0 48.0 24.0 32.0 9 0 1987 1988 2016 2017 
1283 48.0 56.0 24.0 32.0 9 0 1988 2018 2019 
1284 24.0 32.0 32.0 40.0 9 0 1989 1990 2011 2012 
1285 24.0 32.0 40.0 48.0 9 0 1991 1992 2012 2013 
1286 24.0 32.0 48.0 56.0 9 0 1993 1994 2013 
1287 48.0 56.0 32.0 40.0 9 0 2020 2021 
1288 48.0 56.0 40.0 42.0 9 1 2022 2023 
1289 48.0 52.0 42.0 48.0 9 0 2024 2025 
1290 52.0 56.0 42.0 48.0 9 0 2025 2026 
1291 32.0 40.0 48.0 56.0 9 0 1995 1996 
1292 40.0 42.0 48.0 56.0 9 1 1997 1998 
1293 42.0 48.0 48.0 52.0 9 0 1999 2000 
1294 42.0 48.0 52.0 56.0 9 0 2000 2001 
1295 20.0 24.0 20.0 24.0 9 1 1980 2002 2005 2027 2030 
1296 20.0 24.0 24.0 40.0 9 1 1981 1982 1985 1989 2002 2003 
1297 20.0 24.0 40.0 56.0 9 1 1983 1984 1991 1993 2003 2004 
1298 24.0 40.0 20.0 24.0 9 1 2006 2007 2010 2014 2027 2028 
1299 40.0 56.0 20.0 24.0 9 1 2008 2009 2016 2018 2028 2029 
1300 32.0 48.0 32.0 48.0 9 1 1990 1992 1995 1997 1999 2015 2017 2020 2022 2024 
1301 100.0 120.0 0.0 20.0 9 0 2132 
1302 0.0 20.0 100.0 120.0 9 0 2081 
1303 100.0 120.0 100.0 120.0 9 0 2183 
1304 100.0 110.0 20.0 26.0 9 0 2082 2132 
1305 10.0 20.0 94.0 100.0 9 0 2031 2081 
1306 100.0 110.0 94.0 100.0 9 0 2133 2183 
1307 100.0 110.0 26.0 32.0 9 0 2083 
1308 10.0 20.0 88.0 94.0 9 0 2032 
1309 100.0 110.0 88.0 94.0 9 0 2134 
1310 100.0 110.0 32.0 40.0 9 0 2084 
1311 10.0 20.0 80.0 88.0 9 0 2033 
1312 100.0 110.0 80.0 88.0 9 0 2135 
1313 100.0 110.0 40.0 48.0 9 0 2085 
1314 10.0 20.0 72.0 80.0 9 0 2034 
1315 100.0 110.0 72.0 80.0 9 0 2136 
1316 100.0 110.0 48.0 56.0 9 0 2086 
1317 10.0 20.0 64.0 72.0 9 0 2035 
1318 100.0 110.0 64.0 72.0 9 0 2137 
1319 94.0 100.0 10.0 20.0 9 0 2107 2132 
1320 20.0 26.0 100.0 110.0 9 0 2056 2081 
1321 94.0 100.0 100.0 110.0 9 0 2158 2183 
1322 88.0 94.0 10.0 20.0 9 0 2108 
1323 26.0 32.0 100.0 110.0 9 0 2057 
1324 88.0 94.0 100.0 110.0 9 0 2159 
1325 80.0 88.0 10.0 20.0 9 0 2109 
1326 32.0 40.0 100.0 110.0 9 0 2058 
1327 80.0 88.0 100.0 110.0 9 0 2160 
1328 72.0 80.0 10.0 20.0 9 0 2110 
1329 40.0 48.0 100.0 110.0 9 0 2059 
1330 72.0 80.0 100.0 110.0 9 0 2161 
1331 64.0 72.0 10.0 20.0 9 0 2111 
1332 48.0 56.0 100.0 110.0 9 0 2060 
1333 64.0 72.0 100.0 110.0 9 0 2162 
1334 88.0 96.0 24.0 32.0 9 0 2087 2088 2112 2113 
1335 24.0 32.0 88.0 96.0 9 0 2036 2037 2061 2062 
1336 88.0 96.0 88.0 96.0 9 0 2138 2139 2163 2164 
1337 80.0 88.0 24.0 32.0 9 0 2088 2089 2116 2117 
1338 32.0 40.0 88.0 96.0 9 0 2037 2038 2065 2066 
1339 80.0 88.0 88.0 96.0 9 0 2139 2140 2167 2168 
1340 72.0 80.0 24.0 32.0 9 0 2089 2090 2118 2119 
1341 40.0 48.0 88.0 96.0 9 0 2038 2039 2067 2068 
1342 72.0 80.0 88.0 96.0 9 0 2140 2141 2169 2170 
1343 64.0 72.0 24.0 32.0 9 0 2090 2120 2121 
1344 48.0 56.0 88.0 96.0 9 0 2039 2069 2070 
1345 64.0 72.0 88.0 96.0 9 0 2141 2171 2172 
1346 88.0 96.0 32.0 40.0 9 0 2091 2092 2113 2114 
1347 24.0 32.0 80.0 88.0 9 0 2040 2041 2062 2063 
1348 88.0 96.0 80.0 88.0 9 0 2142 2143 2164 2165 
1349 88.0 96.0 40.0 48.0 9 0 2093 2094 2114 2115 
1350 24.0 32.0 72.0 80.0 9 0 2042 2043 2063 2064 
1351 88.0 96.0 72.0 80.0 9 0 2144 2145 2165 2166 
1352 88.0 96.0 48.0 56.0 9 0 2095 2096 2115 
1353 24.0 32.0 64.0 72.0 9 0 2044 2045 2064 
1354 88.0 96.0 64.0 72.0 9 0 2146 2147 2166 
1355 64.0 72.0 32.0 40.0 9 0 2122 2123 
1356 48.0 56.0 80.0 88.0 9 0 2071 2072 
1357 64.0 72.0 80.0 88.0 9 0 2173 2174 
1358 64.0 72.0 40.0 42.0 9 1 2124 2125 
1359 48.0 56.0 78.0 80.0 9 1 2073 2074 
1360 64.0 72.0 78.0 80.0 9 1 2175 2176 
1361 68.0 72.0 42.0 48.0 9 0 2126 2127 
1362 48.0 52.0 72.0 78.0 9 0 2075 2076 
1363 68.0 72.0 72.0 78.0 9 0 2177 2178 
1364 64.0 68.0 42.0 48.0 9 0 2127 2128 
1365 52.0 56.0 72.0 78.0 9 0 2076 2077 
1366 64.0 68.0 72.0 78.0 9 0 2178 2179 
1367 80.0 88.0 48.0 56.0 9 0 2097 2098 
1368 32.0 40.0 64.0 72.0 9 0 2046 2047 
1369 80.0 88.0 64.0 72.0 9 0 2148 2149 
1370 78.0 80.0 48.0 56.0 9 1 2099 2100 
1371 40.0 42.0 64.0 72.0 9 1 2048 2049 
1372 78.0 80.0 64.0 72.0 9 1 2150 2151 
1373 72.0 78.0 48.0 52.0 9 0 2101 2102 
1374 42.0 48.0 68.0 72.0 9 0 2050 2051 
1375 72.0 78.0 68.0 72.0 9 0 2152 2153 
1376 72.0 78.0 52.0 56.0 9 0 2102 2103 
1377 42.0 48.0 64.0 68.0 9 0 2051 2052 
1378 72.0 78.0 64.0 68.0 9 0 2153 2154 
1379 96.0 100.0 20.0 24.0 9 1 2082 2104 2107 2129 2132 
1380 20.0 24.0 96.0 100.0 9 1 2031 2053 2056 2078 2081 
1381 96.0 100.0 96.0 100.0 9 1 2133 2155 2158 2180 2183 
1382 96.0 100.0 24.0 40.0 9 1 2083 2084 2087 2091 2104 2105 
1383 20.0 24.0 80.0 96.0 9 1 2032 2033 2036 2040 2053 2054 
1384 96.0 100.0 80.0 96.0 9 1 2134 2135 2138 2142 2155 2156 
1385 96.0 100.0 40.0 56.0 9 1 2085 2086 2093 2095 2105 2106 
1386 20.0 24.0 64.0 80.0 9 1 2034 2035 2042 2044 2054 2055 
1387 96.0 100.0 64.0 80.0 9 1 2136 2137 2144 2146 2156 2157 
1388 80.0 96.0 20.0 24.0 9 1 2108 2109 2112 2116 2129 2130 
1389 24.0 40.0 96.0 100.0 9 1 2057 2058 2061 2065 2078 2079 
1390 80.0 96.0 96.0 100.0 9 1 2159 2160 2163 2167 2180 2181 
1391 64.0 80.0 20.0 24.0 9 1 2110 2111 2118 2120 2130 2131 
1392 40.0 56.0 96.0 100.0 9 1 2059 2060 2067 2069 2079 2080 
1393 64.0 80.0 96.0 100.0 9 1 2161 2162 2169 2171 2181 2182 
1394 72.0 88.0 32.0 48.0 9 1 2092 2094 2097 2099 2101 2117 2119 2122 2124 2126 
1395 32.0 48.0 72.0 88.0 9 1 2041 2043 2046 2048 2050 2066 2068 2071 2073 2075 
1396 72.0 88.0 72.0 88.0 9 1 2143 2145 2148 2150 2152 2168 2170 2173 2175 2177 
1397 10.0 20.0 56.0 64.0 9 2 2184 2185 
1398 56.0 64.0 10.0 20.0 9 2 2186 2187 
1399 56.0 64.0 100.0 110.0 9 2 2188 2189 
1400 100.0 110.0 56.0 64.0 9 2 2190 2191 
1401 20.0 24.0 56.0 64.0 9 1 2004 2055 2185 2192 
1402 24.0 48.0 56.0 64.0 9 1 1994 1996 1998 2001 2045 2047 2049 2052 2192 2193 
1403 56.0 64.0 20.0 24.0 9 1 2029 2131 2187 2194 
1404 56.0 64.0 24.0 48.0 9 1 2019 2021 2023 2026 2121 2123 2125 2128 2194 2195 
1405 56.0 64.0 72.0 96.0 9 1 2070 2072 2074 2077 2172 2174 2176 2179 2196 2197 
1406 56.0 64.0 96.0 100.0 9 1 2080 2182 2188 2197 
1407 72.0 96.0 56.0 64.0 9 1 2096 2098 2100 2103 2147 2149 2151 2154 2198 2199 
1408 96.0 100.0 56.0 64.0 9 1 2106 2157 2190 2199 
1409 48.0 72.0 48.0 72.0 9 1 2193 2195 2196 2198 
