0 10000
1 10000
2 10000
3 10000
4 10000
5 10000
6 10000
7 10000
8 10000
9 10000
10 10000
11 10000
12 10000
13 10000
14 10000
15 10000
16 10001
17 10001
18 10001
19 10001
20 10001
21 10001
22 10001
23 10003
24 10003
25 10003
26 10004
27 10007
28 10007
29 10007
30 10007
31 10007
32 10007
33 10007
34 10007
35 10008
36 10008
37 10008
38 10008
39 10008
40 10008
41 10008
42 10010
43 10010
44 10010
45 10010
46 10010
47 10010
48 10010
49 10011
50 10011
51 10011
52 10011
53 10011
54 10011
55 10011
56 10011
57 10011
58 10011
59 10011
60 10012
61 10014
62 10014
63 10015
64 10015
65 10015
66 10017
67 10017
68 10017
69 10017
70 10017
71 10018
72 10018
73 10018
74 10018
75 10018
76 10018
77 10020
78 10022
79 10022
80 10022
81 10022
82 10022
83 10022
84 10022
85 10022
86 10022
87 10022
88 10022
89 10022
90 10022
91 10022
92 10024
93 10024
94 10024
95 10025
96 10025
97 10025
98 10025
99 10025
100 10025
101 10025
102 10025
103 10025
104 10025
105 10025
106 10025
107 10025
108 10025
109 10025
110 10025
111 10025
112 10025
113 10028
114 10028
115 10028
116 10028
117 10028
118 10028
119 10028
120 10028
121 10030
122 10032
123 10032
124 10032
125 10032
126 10032
127 10032
128 10033
129 10033
130 10033
131 10033
132 10033
133 10034
134 10034
135 10035
136 10035
137 10035
138 10035
139 10035
140 10035
141 10035
142 10036
143 10036
144 10036
145 10036
146 10036
147 10036
148 10036
149 10036
150 10036
151 10036
152 10036
153 10036
154 10036
155 10036
156 10036
157 10036
158 10038
159 10040
160 10041
161 10041
162 10042
163 10042
164 10042
165 10042
166 10042
167 10042
168 10042
169 10042
170 10042
171 10042
172 10042
173 10042
174 10042
175 10042
176 10042
177 10042
178 10042
179 10042
180 10042
181 10042
182 10042
183 10042
184 10042
185 10043
186 10043
187 10043
188 10043
189 10043
190 10043
191 10043
192 10043
193 10047
194 10048
195 10048
196 10048
197 10048
198 10048
199 10048
200 10048
201 10048
202 10049
203 10049
204 10049
205 10049
206 10049
207 10049
208 10050
209 10050
210 10050
211 10050
212 10050
213 10050
214 10050
215 10050
216 10050
217 10052
218 10052
219 10052
220 10052
221 10052
222 10052
223 10052
224 10052
225 10052
226 10052
227 10052
228 10054
229 10054
230 10054
231 10054
232 10054
233 10054
234 10055
235 10055
236 10055
237 10055
238 10055
239 10055
240 10055
241 10055
242 10055
243 10055
244 10055
245 10057
246 10057
247 10057
248 10057
249 10057
250 10057
251 10057
252 10057
253 10057
254 10057
255 10057
256 10060
257 10061
258 10061
259 10061
260 10061
261 10061
262 10061
263 10061
264 10061
265 10061
266 10061
267 10061
268 10061
269 10061
270 10062
271 10062
272 10062
273 10062
274 10062
275 10062
276 10062
277 10062
278 10062
279 10062
280 10062
281 10065
282 10065
283 10065
284 10065
285 10066
286 10066
287 10066
288 10066
289 10066
290 10066
291 10067
292 10067
293 10067
294 10067
295 10067
296 10069
297 10069
298 10069
299 10069
300 10069
301 10069
302 10069
303 10069
304 10069
305 10069
306 10069
307 10069
308 10069
309 10070
310 10070
311 10070
312 10070
313 10070
314 10071
315 10071
316 10071
317 10073
318 10074
319 10074
320 10074
321 10074
322 10074
323 10074
324 10074
325 10074
326 10074
327 10074
328 10074
329 10075
330 10075
331 10075
332 10075
333 10075
334 10075
335 10075
336 10075
337 10075
338 10075
339 10075
340 10076
341 10076
342 10076
343 10076
344 10077
345 10077
346 10077
347 10077
348 10078
349 10078
350 10078
351 10078
352 10078
353 10078
354 10078
355 10078
356 10079
357 10080
358 10080
359 10083
360 10083
361 10083
362 10083
363 10083
364 10083
365 10083
366 10083
367 10083
368 10083
369 10083
370 10083
371 10083
372 10083
373 10085
374 10085
375 10085
376 10085
377 10085
378 10085
379 10085
380 10085
381 10085
382 10085
383 10085
384 10085
385 10087
386 10087
387 10087
388 10087
389 10087
390 10087
391 10088
392 10088
393 10088
394 10088
395 10088
396 10088
397 10088
398 10088
399 10088
400 10088
401 10090
402 10091
403 10091
404 10091
405 10092
406 10092
407 10092
408 10095
409 10095
410 10095
411 10095
412 10095
413 10095
414 10095
415 10097
416 10098
417 10098
418 10099
419 10099
420 10099
421 10099
422 10099
423 10099
424 10099
425 10099
426 10099
427 10099
428 10099
429 10099
430 10099
431 10099
432 10099
433 10099
434 10099
435 10099
436 10099
437 10099
438 10099
439 10099
440 10099
441 10100
442 10100
443 10100
444 10100
445 10100
446 10100
447 10101
448 10101
449 10101
450 10103
451 10103
452 10104
453 10104
454 10104
455 10104
456 10105
457 10106
458 10106
459 10106
460 10106
461 10107
462 10107
463 10107
464 10107
465 10107
466 10107
467 10109
468 10109
469 10109
470 10109
471 10109
472 10109
473 10109
474 10110
475 10110
476 10110
477 10110
478 10110
479 10110
480 10110
481 10112
482 10112
483 10112
484 10112
485 10112
486 10112
487 10114
488 10114
489 10116
490 10116
491 10117
492 10118
493 10118
494 10118
495 10118
496 10118
497 10118
498 10118
499 10118
500 10118
501 10118
502 10118
503 10118
504 10118
505 10118
506 10118
507 10121
508 10121
509 10121
510 10121
511 10121
512 10121
513 10121
514 10122
515 10122
516 10122
517 10122
518 10123
519 10123
520 10123
521 10123
522 10123
523 10123
524 10123
525 10123
526 10123
527 10123
528 10123
529 10123
530 10123
531 10123
532 10125
533 10125
534 10125
535 10125
536 10125
537 10125
538 10125
539 10125
540 10125
541 10125
542 10125
543 10125
544 10125
545 10125
546 10125
547 10125
548 10125
549 10125
550 10125
551 10125
552 10125
553 10126
554 10126
555 10126
556 10126
557 10126
558 10127
559 10127
560 10127
561 10127
562 10127
563 10127
564 10127
565 10127
566 10127
567 10127
568 10127
569 10127
570 10127
571 10127
572 10127
573 10127
574 10127
575 10128
576 10128
577 10128
578 10130
579 10130
580 10130
581 10130
582 10130
583 10130
584 10130
585 10130
586 10130
587 10130
588 10130
589 10130
590 10130
591 10130
592 10130
593 10130
594 10132
595 10132
596 10132
597 10132
598 10134
599 10135
600 10135
601 10135
602 10138
603 10138
604 10138
605 10138
606 10138
607 10138
608 10138
609 10138
610 10138
611 10138
612 10138
613 10138
614 10138
615 10138
616 10138
617 10138
618 10138
619 10138
620 10138
621 10139
622 10140
623 10140
624 10140
625 10140
626 10140
627 10140
628 10140
629 10142
630 10142
631 10145
632 10148
633 10148
634 10148
635 10148
636 10148
637 10148
638 10148
639 10149
640 10149
641 10149
642 10149
643 10149
644 10149
645 10149
646 10149
647 10149
648 10149
649 10149
650 10149
651 10149
652 10149
653 10149
654 10150
655 10150
656 10150
657 10150
658 10150
659 10150
660 10151
661 10151
662 10151
663 10151
664 10151
665 10151
666 10151
667 10151
668 10151
669 10151
670 10151
671 10151
672 10151
673 10151
674 10151
675 10151
676 10152
677 10153
678 10153
679 10153
680 10153
681 10153
682 10153
683 10153
684 10153
685 10153
686 10153
687 10153
688 10153
689 10153
690 10153
691 10154
692 10154
693 10155
694 10155
695 10157
696 10157
697 10157
698 10157
699 10157
700 10157
701 10157
702 10157
703 10157
704 10157
705 10157
706 10157
707 10157
708 10157
709 10157
710 10157
711 10157
712 10157
713 10157
714 10157
715 10157
716 10157
717 10157
718 10157
719 10157
720 10157
721 10157
722 10157
723 10157
724 10158
725 10158
726 10158
727 10158
728 10160
729 10160
730 10160
731 10160
732 10160
733 10160
734 10160
735 10160
736 10160
737 10160
738 10160
739 10160
740 10160
741 10160
742 10160
743 10161
744 10163
745 10163
746 10163
747 10163
748 10163
749 10165
750 10165
751 10165
752 10165
753 10165
754 10165
755 10165
756 10165
757 10165
758 10165
759 10167
760 10170
761 10170
762 10172
763 10172
764 10172
765 10172
766 10174
767 10174
768 10174
769 10174
770 10174
771 10175
772 10175
773 10175
774 10175
775 10175
776 10175
777 10176
778 10176
779 10176
780 10176
781 10176
782 10176
783 10178
784 10178
785 10178
786 10179
787 10179
788 10179
789 10179
790 10179
791 10181
792 10181
793 10181
794 10181
795 10181
796 10181
797 10181
798 10182
799 10182
800 10182
801 10182
802 10182
803 10182
804 10182
805 10182
806 10182
807 10182
808 10182
809 10182
810 10182
811 10182
812 10182
813 10182
814 10182
815 10182
816 10182
817 10182
818 10183
819 10183
820 10183
821 10183
822 10183
823 10183
824 10183
825 10183
826 10183
827 10183
828 10183
829 10183
830 10183
831 10183
832 10183
833 10183
834 10183
835 10183
836 10183
837 10183
838 10183
839 10186
840 10186
841 10186
842 10186
843 10188
844 10188
845 10189
846 10191
847 10191
848 10191
849 10191
850 10191
851 10195
852 10195
853 10195
854 10195
855 10195
856 10198
857 10198
858 10198
859 10198
860 10198
861 10198
862 10198
863 10198
864 10199
865 10199
866 10200
867 10200
868 10200
869 10200
870 10200
871 10200
872 10201
873 10201
874 10203
875 10203
876 10203
877 10203
878 10203
879 10203
880 10203
881 10203
882 10203
883 10203
884 10203
885 10204
886 10204
887 10204
888 10204
889 10204
890 10204
891 10204
892 10206
893 10206
894 10206
895 10206
896 10206
897 10206
898 10206
899 10207
900 10207
901 10207
902 10207
903 10207
904 10207
905 10207
906 10207
907 10207
908 10208
909 10209
910 10209
911 10209
912 10209
913 10209
914 10209
915 10209
916 10210
917 10211
918 10212
919 10213
920 10213
921 10213
922 10213
923 10213
924 10213
925 10213
926 10213
927 10213
928 10213
929 10213
930 10213
931 10213
932 10216
933 10216
934 10216
935 10216
936 10216
937 10219
938 10219
939 10219
940 10219
941 10219
942 10219
943 10219
944 10219
945 10219
946 10219
947 10219
948 10219
949 10219
950 10219
951 10219
952 10219
953 10220
954 10220
955 10220
956 10221
957 10221
958 10221
959 10221
960 10221
961 10221
962 10221
963 10221
964 10221
965 10221
966 10221
967 10221
968 10221
969 10221
970 10221
971 10221
972 10221
973 10221
974 10221
975 10221
976 10221
977 10223
978 10223
979 10223
980 10223
981 10223
982 10223
983 10226
984 10227
985 10227
986 10227
987 10227
988 10227
989 10227
990 10227
991 10228
992 10228
993 10228
994 10228
995 10228
996 10228
997 10228
998 10228
999 10229
1000 10229
1001 10229
1002 10229
1003 10229
1004 10230
1005 10230
1006 10230
1007 10230
1008 10230
1009 10230
1010 10230
1011 10230
1012 10230
1013 10230
1014 10230
1015 10230
1016 10230
1017 10230
1018 10230
1019 10230
1020 10231
1021 10231
1022 10231
1023 10231
1024 10231
1025 10231
1026 10231
1027 10231
1028 10231
1029 10232
1030 10232
1031 10232
1032 10232
1033 10232
1034 10233
1035 10233
1036 10233
1037 10233
1038 10235
1039 10235
1040 10235
1041 10239
1042 10239
1043 10239
1044 10239
1045 10239
1046 10239
1047 10239
1048 10239
1049 10239
1050 10239
1051 10239
1052 10239
1053 10239
1054 10240
1055 10241
1056 10241
1057 10241
1058 10244
1059 10244
1060 10244
1061 10244
1062 10245
1063 10245
1064 10245
1065 10246
1066 10246
1067 10246
1068 10246
1069 10248
1070 10248
1071 10248
1072 10248
1073 10248
1074 10248
1075 10248
1076 10248
1077 10248
1078 10248
1079 10248
1080 10250
1081 10251
1082 10251
1083 10251
1084 10251
1085 10251
1086 10251
1087 10251
1088 10251
1089 10251
1090 10251
1091 10252
1092 10252
1093 10253
1094 10253
1095 10253
1096 10253
1097 10253
1098 10253
1099 10254
1100 10254
1101 10254
1102 10254
1103 10254
1104 10255
1105 10255
1106 10255
1107 10256
1108 10256
1109 10256
1110 10256
1111 10256
1112 10256
1113 10256
1114 10256
1115 10256
1116 10256
1117 10257
1118 10257
1119 10257
1120 10257
1121 10257
1122 10257
1123 10257
1124 10257
1125 10257
1126 10257
1127 10257
1128 10257
1129 10257
1130 10257
1131 10257
1132 10257
1133 10257
1134 10257
1135 10257
1136 10257
1137 10257
1138 10257
1139 10257
1140 10258
1141 10258
1142 10258
1143 10260
1144 10260
1145 10260
1146 10260
1147 10260
1148 10260
1149 10260
1150 10260
1151 10260
1152 10260
1153 10260
1154 10260
1155 10260
1156 10260
1157 10261
1158 10261
1159 10261
1160 10261
1161 10261
1162 10261
1163 10261
1164 10261
1165 10261
1166 10261
1167 10262
1168 10262
1169 10262
1170 10262
1171 10264
1172 10264
1173 10264
1174 10266
1175 10266
1176 10266
1177 10266
1178 10266
1179 10266
1180 10266
1181 10266
1182 10266
1183 10266
1184 10269
1185 10269
1186 10269
1187 10269
1188 10269
1189 10269
1190 10270
1191 10270
1192 10270
1193 10270
1194 10270
1195 10270
1196 10270
1197 10270
1198 10273
1199 10274
1200 10274
1201 10274
1202 10274
1203 10274
1204 10274
1205 10274
1206 10274
1207 10278
1208 10278
1209 10278
1210 10278
1211 10278
1212 10278
1213 10280
1214 10280
1215 10280
1216 10280
1217 10280
1218 10281
1219 10281
1220 10281
1221 10281
1222 10281
1223 10281
1224 10282
1225 10282
1226 10282
1227 10282
1228 10283
1229 10283
1230 10283
1231 10283
1232 10283
1233 10283
1234 10283
1235 10283
1236 10283
1237 10283
1238 10283
1239 10283
1240 10283
1241 10283
1242 10283
1243 10283
1244 10283
1245 10283
1246 10283
1247 10286
1248 10286
1249 10286
1250 10286
1251 10287
1252 10287
1253 10287
1254 10287
1255 10287
1256 10287
1257 10287
1258 10287
1259 10287
1260 10288
1261 10288
1262 10288
1263 10289
1264 10289
1265 10289
1266 10289
1267 10289
1268 10291
1269 10291
1270 10291
1271 10291
1272 10294
1273 10294
1274 10294
1275 10294
1276 10294
1277 10294
1278 10294
1279 10294
1280 10294
1281 10295
1282 10295
1283 10295
1284 10296
1285 10296
1286 10296
1287 10296
1288 10296
1289 10296
1290 10296
1291 10296
1292 10296
1293 10296
1294 10297
1295 10300
1296 10302
1297 10302
1298 10302
1299 10302
1300 10302
1301 10302
1302 10303
1303 10303
1304 10303
1305 10303
1306 10303
1307 10304
1308 10304
1309 10304
1310 10304
1311 10306
1312 10306
1313 10306
1314 10306
1315 10306
1316 10308
1317 10308
1318 10308
1319 10308
1320 10308
1321 10308
1322 10309
1323 10309
1324 10309
1325 10309
1326 10309
1327 10309
1328 10309
1329 10309
1330 10309
1331 10309
1332 10309
1333 10309
1334 10309
1335 10309
1336 10309
1337 10309
1338 10309
1339 10309
1340 10309
1341 10310
1342 10310
1343 10312
1344 10313
1345 10313
1346 10313
1347 10313
1348 10315
1349 10315
1350 10315
1351 10315
1352 10315
1353 10315
1354 10315
1355 10315
1356 10316
1357 10316
1358 10316
1359 10316
1360 10316
1361 10316
1362 10316
1363 10316
1364 10316
1365 10316
1366 10316
1367 10317
1368 10317
1369 10317
1370 10317
1371 10317
1372 10317
1373 10317
1374 10317
1375 10317
1376 10317
1377 10317
1378 10317
1379 10317
1380 10317
1381 10317
1382 10317
1383 10317
1384 10317
1385 10320
1386 10320
1387 10320
1388 10320
1389 10322
1390 10322
1391 10322
1392 10322
1393 10322
1394 10322
1395 10322
1396 10322
1397 10322
1398 10324
1399 10326
1400 10328
1401 10328
1402 10328
1403 10328
1404 10329
1405 10333
1406 10333
1407 10333
1408 10333
1409 10333
1410 10333
1411 10334
1412 10334
1413 10335
1414 10335
1415 10335
1416 10335
1417 10335
1418 10335
1419 10335
1420 10335
1421 10335
1422 10335
1423 10335
1424 10335
1425 10335
1426 10335
1427 10335
1428 10335
1429 10335
1430 10336
1431 10336
1432 10336
1433 10336
1434 10336
1435 10336
1436 10336
1437 10337
1438 10337
1439 10337
1440 10337
1441 10337
1442 10338
1443 10338
1444 10338
1445 10338
1446 10338
1447 10338
1448 10338
1449 10338
1450 10339
1451 10339
1452 10341
1453 10341
1454 10341
1455 10341
1456 10343
1457 10343
1458 10343
1459 10343
1460 10343
1461 10345
1462 10345
1463 10345
1464 10345
1465 10345
1466 10345
1467 10345
1468 10345
1469 10345
1470 10345
1471 10345
1472 10345
1473 10345
1474 10345
1475 10345
1476 10347
1477 10348
1478 10348
1479 10348
1480 10349
1481 10349
1482 10349
1483 10349
1484 10349
1485 10352
1486 10352
1487 10352
1488 10352
1489 10355
1490 10356
1491 10358
1492 10358
1493 10358
1494 10358
1495 10358
1496 10358
1497 10358
1498 10359
1499 10359
1500 10359
1501 10360
1502 10360
1503 10360
1504 10360
1505 10360
1506 10360
1507 10360
1508 10360
1509 10360
1510 10360
1511 10360
1512 10360
1513 10360
1514 10360
1515 10360
1516 10360
1517 10360
1518 10360
1519 10360
1520 10360
1521 10360
1522 10360
1523 10361
1524 10361
1525 10363
1526 10363
1527 10363
1528 10363
1529 10363
1530 10363
1531 10363
1532 10363
1533 10363
1534 10363
1535 10364
1536 10364
1537 10364
1538 10364
1539 10364
1540 10364
1541 10366
1542 10366
1543 10366
1544 10366
1545 10366
1546 10366
1547 10366
1548 10366
1549 10366
1550 10366
1551 10366
1552 10366
1553 10366
1554 10367
1555 10368
1556 10369
1557 10369
1558 10372
1559 10372
1560 10372
1561 10372
1562 10372
1563 10373
1564 10373
1565 10373
1566 10373
1567 10376
1568 10376
1569 10376
1570 10376
1571 10376
1572 10376
1573 10376
1574 10376
1575 10376
1576 10376
1577 10376
1578 10377
1579 10377
1580 10377
1581 10377
1582 10377
1583 10377
1584 10377
1585 10378
1586 10378
1587 10378
1588 10378
1589 10378
1590 10378
1591 10379
1592 10379
1593 10379
1594 10379
1595 10383
1596 10384
1597 10384
1598 10384
1599 10384
1600 10384
1601 10384
1602 10384
1603 10384
1604 10384
1605 10384
1606 10384
1607 10384
1608 10384
1609 10384
1610 10384
1611 10385
1612 10385
1613 10385
1614 10385
1615 10385
1616 10385
1617 10385
1618 10385
1619 10385
1620 10385
1621 10385
1622 10385
1623 10385
1624 10385
1625 10385
1626 10385
1627 10385
1628 10385
1629 10385
1630 10385
1631 10385
1632 10385
1633 10385
1634 10385
1635 10385
1636 10386
1637 10386
1638 10386
1639 10390
1640 10390
1641 10390
1642 10390
1643 10390
1644 10390
1645 10390
1646 10390
1647 10390
1648 10390
1649 10390
1650 10390
1651 10390
1652 10390
1653 10390
1654 10390
1655 10390
1656 10390
1657 10390
1658 10390
1659 10390
1660 10390
1661 10390
1662 10390
1663 10390
1664 10390
1665 10390
1666 10390
1667 10390
1668 10390
1669 10390
1670 10390
1671 10390
1672 10392
1673 10392
1674 10392
1675 10392
1676 10392
1677 10392
1678 10392
1679 10392
1680 10392
1681 10392
1682 10392
1683 10392
1684 10392
1685 10394
1686 10394
1687 10394
1688 10396
1689 10396
1690 10396
1691 10396
1692 10396
1693 10397
1694 10397
1695 10397
1696 10398
1697 10398
1698 10398
1699 10398
1700 10398
1701 10398
1702 10400
1703 10400
1704 10400
1705 10400
1706 10400
1707 10400
1708 10401
1709 10402
1710 10402
1711 10402
1712 10402
1713 10402
1714 10402
1715 10404
1716 10404
1717 10404
1718 10404
1719 10404
1720 10404
1721 10404
1722 10404
1723 10406
1724 10407
1725 10407
1726 10408
1727 10408
1728 10408
1729 10408
1730 10408
1731 10408
1732 10408
1733 10409
1734 10409
1735 10409
1736 10409
1737 10409
1738 10413
1739 10413
1740 10414
1741 10414
1742 10414
1743 10414
1744 10414
1745 10414
1746 10416
1747 10416
1748 10419
1749 10419
1750 10419
1751 10419
1752 10419
1753 10420
1754 10421
1755 10421
1756 10421
1757 10421
1758 10421
1759 10424
1760 10424
1761 10424
1762 10424
1763 10425
1764 10425
1765 10425
1766 10427
1767 10427
1768 10427
1769 10428
1770 10428
1771 10428
1772 10428
1773 10428
1774 10428
1775 10428
1776 10428
1777 10428
1778 10428
1779 10428
1780 10428
1781 10428
1782 10428
1783 10428
1784 10428
1785 10428
1786 10428
1787 10428
1788 10428
1789 10432
1790 10432
1791 10432
1792 10433
1793 10433
1794 10433
1795 10433
1796 10433
1797 10436
1798 10436
1799 10437
1800 10438
1801 10438
1802 10438
1803 10440
1804 10440
1805 10441
1806 10441
1807 10443
1808 10443
1809 10443
1810 10444
1811 10444
1812 10444
1813 10444
1814 10444
1815 10444
1816 10444
1817 10444
1818 10444
1819 10445
1820 10445
1821 10445
1822 10445
1823 10445
1824 10445
1825 10446
1826 10446
1827 10446
1828 10446
1829 10446
1830 10446
1831 10446
1832 10446
1833 10446
1834 10447
1835 10447
1836 10447
1837 10447
1838 10447
1839 10447
1840 10447
1841 10447
1842 10447
1843 10447
1844 10447
1845 10447
1846 10447
1847 10447
1848 10447
1849 10447
1850 10447
1851 10447
1852 10448
1853 10448
1854 10448
1855 10448
1856 10448
1857 10448
1858 10448
1859 10448
1860 10448
1861 10448
1862 10448
1863 10448
1864 10448
1865 10448
1866 10448
1867 10448
1868 10448
1869 10449
1870 10449
1871 10449
1872 10449
1873 10449
1874 10449
1875 10449
1876 10449
1877 10449
1878 10449
1879 10449
1880 10449
1881 10449
1882 10449
1883 10449
1884 10449
1885 10450
1886 10450
1887 10450
1888 10450
1889 10450
1890 10450
1891 10451
1892 10451
1893 10451
1894 10451
1895 10451
1896 10451
1897 10451
1898 10451
1899 10451
1900 10451
1901 10451
1902 10451
1903 10451
1904 10453
1905 10453
1906 10453
1907 10454
1908 10454
1909 10454
1910 10454
1911 10454
1912 10454
1913 10454
1914 10454
1915 10454
1916 10456
1917 10456
1918 10456
1919 10456
1920 10456
1921 10456
1922 10456
1923 10456
1924 10456
1925 10456
1926 10456
1927 10456
1928 10456
1929 10456
1930 10456
1931 10456
1932 10456
1933 10456
1934 10456
1935 10456
1936 10456
1937 10457
1938 10458
1939 10458
1940 10459
1941 10459
1942 10460
1943 10460
1944 10460
1945 10461
1946 10461
1947 10461
1948 10461
1949 10461
1950 10461
1951 10461
1952 10461
1953 10461
1954 10462
1955 10462
1956 10462
1957 10462
1958 10464
1959 10464
1960 10464
1961 10464
1962 10464
1963 10464
1964 10464
1965 10464
1966 10464
1967 10465
1968 10465
1969 10465
1970 10465
1971 10465
1972 10466
1973 10466
1974 10466
1975 10466
1976 10466
1977 10466
1978 10466
1979 10466
1980 10466
1981 10466
1982 10466
1983 10466
1984 10466
1985 10466
1986 10466
1987 10466
1988 10466
1989 10466
1990 10466
1991 10468
1992 10468
1993 10468
1994 10468
1995 10468
1996 10468
1997 10468
1998 10468
1999 10468
2000 10468
2001 10468
2002 10468
2003 10468
2004 10468
2005 10468
2006 10468
2007 10468
2008 10468
2009 10468
2010 10468
2011 10468
2012 10468
2013 10468
2014 10468
2015 10468
2016 10468
2017 10468
2018 10468
2019 10468
2020 10468
2021 10470
2022 10470
2023 10470
2024 10470
2025 10470
2026 10470
2027 10470
2028 10472
2029 10472
2030 10472
2031 10473
2032 10473
2033 10473
2034 10473
2035 10473
2036 10476
2037 10476
2038 10476
2039 10476
2040 10476
2041 10476
2042 10476
2043 10476
2044 10477
2045 10477
2046 10477
2047 10477
2048 10477
2049 10477
2050 10477
2051 10477
2052 10477
2053 10477
2054 10478
2055 10478
2056 10478
2057 10480
2058 10480
2059 10480
2060 10480
2061 10480
2062 10480
2063 10480
2064 10481
2065 10481
2066 10481
2067 10481
2068 10481
2069 10483
2070 10483
2071 10484
2072 10484
2073 10484
2074 10484
2075 10484
2076 10484
2077 10484
2078 10485
2079 10485
2080 10485
2081 10485
2082 10485
2083 10485
2084 10485
2085 10485
2086 10485
2087 10487
2088 10487
2089 10489
2090 10492
2091 10492
2092 10492
2093 10494
2094 10494
2095 10494
2096 10494
2097 10495
2098 10498
2099 10498
2100 10498
2101 10498
2102 10498
2103 10498
2104 10498
2105 10498
2106 10498
2107 10498
2108 10498
2109 10498
2110 10498
2111 10498
2112 10498
2113 10498
2114 10498
2115 10498
2116 10498
2117 10499
2118 10499
2119 10499
2120 10499
2121 10500
2122 10500
2123 10500
2124 10500
2125 10500
2126 10500
2127 10500
2128 10500
2129 10500
2130 10500
2131 10502
2132 10502
2133 10502
2134 10503
2135 10503
2136 10503
2137 10503
2138 10505
2139 10505
2140 10505
2141 10505
2142 10505
2143 10505
2144 10505
2145 10505
2146 10505
2147 10507
2148 10507
2149 10507
2150 10508
2151 10508
2152 10508
2153 10508
2154 10508
2155 10508
2156 10508
2157 10508
2158 10508
2159 10508
2160 10508
2161 10508
2162 10508
2163 10508
2164 10508
2165 10508
2166 10508
2167 10508
2168 10508
2169 10508
2170 10508
2171 10508
2172 10508
2173 10508
2174 10510
2175 10510
2176 10510
2177 10510
2178 10510
2179 10512
2180 10512
2181 10512
2182 10512
2183 10512
2184 10512
2185 10514
2186 10514
2187 10514
2188 10515
2189 10515
2190 10515
2191 10515
2192 10516
2193 10516
2194 10516
2195 10516
2196 10516
2197 10518
2198 10519
2199 10519
2200 10519
2201 10519
2202 10519
2203 10519
2204 10521
2205 10521
2206 10521
2207 10521
2208 10521
2209 10521
2210 10522
2211 10522
2212 10522
2213 10522
2214 10522
2215 10522
2216 10522
2217 10522
2218 10522
2219 10522
2220 10522
2221 10524
2222 10524
2223 10524
2224 10524
2225 10524
2226 10524
2227 10524
2228 10524
2229 10524
2230 10524
2231 10524
2232 10524
2233 10524
2234 10524
2235 10524
2236 10524
2237 10524
2238 10524
2239 10524
2240 10524
2241 10524
2242 10524
2243 10524
2244 10524
2245 10526
2246 10526
2247 10526
2248 10526
2249 10526
2250 10526
2251 10526
2252 10526
2253 10526
2254 10526
2255 10526
2256 10526
2257 10526
2258 10526
2259 10526
2260 10526
2261 10526
2262 10526
2263 10526
2264 10527
2265 10527
2266 10527
2267 10527
2268 10527
2269 10527
2270 10527
2271 10529
2272 10529
2273 10529
2274 10529
2275 10530
2276 10532
2277 10532
2278 10532
2279 10532
2280 10532
2281 10532
2282 10532
2283 10532
2284 10532
2285 10532
2286 10532
2287 10533
2288 10533
2289 10533
2290 10533
2291 10533
2292 10534
2293 10534
2294 10534
2295 10534
2296 10534
2297 10534
2298 10535
2299 10536
2300 10536
2301 10536
2302 10536
2303 10536
2304 10536
2305 10536
2306 10536
2307 10538
2308 10538
2309 10538
2310 10538
2311 10538
2312 10538
2313 10538
2314 10538
2315 10538
2316 10538
2317 10540
2318 10540
2319 10540
2320 10540
2321 10541
2322 10541
2323 10541
2324 10541
2325 10541
2326 10542
2327 10544
2328 10544
2329 10544
2330 10546
2331 10546
2332 10546
2333 10546
2334 10546
2335 10547
2336 10547
2337 10547
2338 10547
2339 10547
2340 10547
2341 10547
2342 10547
2343 10547
2344 10548
2345 10548
2346 10548
2347 10548
2348 10549
2349 10549
2350 10550
2351 10550
2352 10550
2353 10550
2354 10550
2355 10554
2356 10554
2357 10554
2358 10554
2359 10554
2360 10554
2361 10556
2362 10556
2363 10556
2364 10556
2365 10556
2366 10556
2367 10556
2368 10556
2369 10556
2370 10556
2371 10556
2372 10556
2373 10556
2374 10556
2375 10556
2376 10556
2377 10556
2378 10556
2379 10556
2380 10557
2381 10557
2382 10557
2383 10557
2384 10558
2385 10558
2386 10558
2387 10558
2388 10558
2389 10558
2390 10558
2391 10558
2392 10558
2393 10558
2394 10558
2395 10558
2396 10560
2397 10560
2398 10560
2399 10560
2400 10560
2401 10560
2402 10561
2403 10561
2404 10561
2405 10563
2406 10565
2407 10565
2408 10565
2409 10565
2410 10568
2411 10568
2412 10568
2413 10568
2414 10568
2415 10568
2416 10568
2417 10568
2418 10568
2419 10570
2420 10570
2421 10571
2422 10571
2423 10572
2424 10572
2425 10572
2426 10572
2427 10572
2428 10573
2429 10575
2430 10575
2431 10575
2432 10576
2433 10576
2434 10576
2435 10576
2436 10576
2437 10576
2438 10576
2439 10576
2440 10578
2441 10578
2442 10578
2443 10578
2444 10578
2445 10578
2446 10578
2447 10579
2448 10581
2449 10581
2450 10581
2451 10585
2452 10585
2453 10587
2454 10587
2455 10587
2456 10588
2457 10588
2458 10588
2459 10588
2460 10588
2461 10591
2462 10592
2463 10592
2464 10592
2465 10592
2466 10592
2467 10592
2468 10592
2469 10592
2470 10592
2471 10592
2472 10592
2473 10592
2474 10593
2475 10593
2476 10593
2477 10593
2478 10594
2479 10594
2480 10594
2481 10594
2482 10594
2483 10595
2484 10595
2485 10597
2486 10597
2487 10597
2488 10597
2489 10597
2490 10597
2491 10598
2492 10598
2493 10599
2494 10599
2495 10599
2496 10600
2497 10600
2498 10600
2499 10600
2500 10600
2501 10600
2502 10601
2503 10602
2504 10602
2505 10605
2506 10605
2507 10605
2508 10605
2509 10605
2510 10605
2511 10605
2512 10605
2513 10605
2514 10605
2515 10605
2516 10607
2517 10607
2518 10607
2519 10608
2520 10608
2521 10609
2522 10609
2523 10609
2524 10609
2525 10609
2526 10610
2527 10610
2528 10611
2529 10611
2530 10611
2531 10611
2532 10611
2533 10611
2534 10611
2535 10611
2536 10611
2537 10611
2538 10611
2539 10611
2540 10611
2541 10611
2542 10611
2543 10611
2544 10612
2545 10612
2546 10612
2547 10612
2548 10612
2549 10612
2550 10612
2551 10614
2552 10614
2553 10615
2554 10615
2555 10615
2556 10615
2557 10615
2558 10615
2559 10615
2560 10615
2561 10615
2562 10615
2563 10615
2564 10615
2565 10615
2566 10615
2567 10616
2568 10618
2569 10618
2570 10618
2571 10618
2572 10618
2573 10618
2574 10618
2575 10618
2576 10618
2577 10618
2578 10618
2579 10618
2580 10618
2581 10618
2582 10618
2583 10618
2584 10618
2585 10618
2586 10618
2587 10618
2588 10618
2589 10618
2590 10618
2591 10620
2592 10620
2593 10620
2594 10623
2595 10623
2596 10625
2597 10625
2598 10625
2599 10625
2600 10625
2601 10630
2602 10630
2603 10630
2604 10630
2605 10630
2606 10630
2607 10630
2608 10632
2609 10632
2610 10632
2611 10632
2612 10632
2613 10632
2614 10632
2615 10632
2616 10635
2617 10635
2618 10635
2619 10635
2620 10635
2621 10635
2622 10635
2623 10635
2624 10635
2625 10635
2626 10636
2627 10636
2628 10636
2629 10636
2630 10636
2631 10636
2632 10636
2633 10636
2634 10636
2635 10636
2636 10636
2637 10636
2638 10636
2639 10636
2640 10636
2641 10636
2642 10636
2643 10636
2644 10636
2645 10636
2646 10636
2647 10636
2648 10636
2649 10636
2650 10636
2651 10636
2652 10636
2653 10636
2654 10636
2655 10636
2656 10636
2657 10636
2658 10636
2659 10636
2660 10636
2661 10636
2662 10636
2663 10636
2664 10636
2665 10636
2666 10638
2667 10638
2668 10638
2669 10638
2670 10638
2671 10638
2672 10638
2673 10639
2674 10639
2675 10639
2676 10639
2677 10639
2678 10639
2679 10639
2680 10639
2681 10639
2682 10640
2683 10642
2684 10642
2685 10642
2686 10642
2687 10642
2688 10642
2689 10642
2690 10644
2691 10644
2692 10644
2693 10644
2694 10644
2695 10644
2696 10644
2697 10644
2698 10644
2699 10644
2700 10644
2701 10644
2702 10644
2703 10644
2704 10645
2705 10646
2706 10646
2707 10646
2708 10647
2709 10647
2710 10647
2711 10647
2712 10647
2713 10647
2714 10647
2715 10647
2716 10647
2717 10647
2718 10648
2719 10648
2720 10649
2721 10649
2722 10649
2723 10650
2724 10650
2725 10650
2726 10650
2727 10650
2728 10650
2729 10650
2730 10650
2731 10650
2732 10650
2733 10650
2734 10650
2735 10650
2736 10651
2737 10651
2738 10652
2739 10652
2740 10652
2741 10653
2742 10653
2743 10653
2744 10653
2745 10653
2746 10653
2747 10653
2748 10653
2749 10653
2750 10653
2751 10653
2752 10653
2753 10653
2754 10654
2755 10654
2756 10654
2757 10654
2758 10654
2759 10654
2760 10654
2761 10654
2762 10654
2763 10654
2764 10654
2765 10655
2766 10655
2767 10655
2768 10655
2769 10655
2770 10655
2771 10655
2772 10655
2773 10655
2774 10655
2775 10655
2776 10655
2777 10655
2778 10655
2779 10655
2780 10655
2781 10657
2782 10660
2783 10660
2784 10661
2785 10662
2786 10662
2787 10662
2788 10663
2789 10663
2790 10664
2791 10664
2792 10664
2793 10664
2794 10664
2795 10664
2796 10665
2797 10665
2798 10666
2799 10666
2800 10666
2801 10666
2802 10666
2803 10667
2804 10671
2805 10671
2806 10671
2807 10671
2808 10674
2809 10674
2810 10674
2811 10674
2812 10674
2813 10674
2814 10674
2815 10674
2816 10674
2817 10674
2818 10674
2819 10674
2820 10674
2821 10674
2822 10674
2823 10674
2824 10674
2825 10674
2826 10674
2827 10674
2828 10674
2829 10674
2830 10674
2831 10674
2832 10674
2833 10674
2834 10674
2835 10674
2836 10674
2837 10674
2838 10674
2839 10676
2840 10676
2841 10676
2842 10676
2843 10679
2844 10679
2845 10680
2846 10683
2847 10683
2848 10683
2849 10683
2850 10683
2851 10683
2852 10684
2853 10684
2854 10684
2855 10684
2856 10684
2857 10684
2858 10684
2859 10684
2860 10684
2861 10684
2862 10684
2863 10686
2864 10686
2865 10686
2866 10686
2867 10686
2868 10686
2869 10689
2870 10689
2871 10691
2872 10691
2873 10691
2874 10691
2875 10691
2876 10691
2877 10691
2878 10691
2879 10691
2880 10691
2881 10691
2882 10691
2883 10691
2884 10691
2885 10691
2886 10691
2887 10691
2888 10692
2889 10692
2890 10693
2891 10693
2892 10693
2893 10693
2894 10693
2895 10694
2896 10695
2897 10695
2898 10695
2899 10696
2900 10696
2901 10696
2902 10696
2903 10696
2904 10696
2905 10696
2906 10696
2907 10696
2908 10696
2909 10698
2910 10698
2911 10698
2912 10698
2913 10699
2914 10699
2915 10699
2916 10699
2917 10703
2918 10703
2919 10703
2920 10703
2921 10704
2922 10704
2923 10704
2924 10704
2925 10704
2926 10704
2927 10704
2928 10704
2929 10704
2930 10704
2931 10704
2932 10704
2933 10704
2934 10704
2935 10704
2936 10704
2937 10704
2938 10704
2939 10704
2940 10704
2941 10704
2942 10704
2943 10704
2944 10704
2945 10704
2946 10705
2947 10705
2948 10705
2949 10705
2950 10705
2951 10707
2952 10707
2953 10708
2954 10708
2955 10708
2956 10708
2957 10708
2958 10708
2959 10708
2960 10708
2961 10709
2962 10709
2963 10709
2964 10709
2965 10709
2966 10709
2967 10709
2968 10709
2969 10709
2970 10709
2971 10709
2972 10709
2973 10709
2974 10709
2975 10712
2976 10712
2977 10712
2978 10712
2979 10712
2980 10712
2981 10712
2982 10712
2983 10713
2984 10713
2985 10713
2986 10713
2987 10713
2988 10713
2989 10714
2990 10714
2991 10715
2992 10715
2993 10715
2994 10715
2995 10715
2996 10715
2997 10715
2998 10715
2999 10715
3000 10715
3001 10715
3002 10715
3003 10715
3004 10715
3005 10715
3006 10715
3007 10715
3008 10715
3009 10715
3010 10715
3011 10715
3012 10715
3013 10715
3014 10715
3015 10715
3016 10715
3017 10715
3018 10715
3019 10715
3020 10715
3021 10716
3022 10716
3023 10716
3024 10716
3025 10716
3026 10716
3027 10716
3028 10718
3029 10718
3030 10718
3031 10718
3032 10718
3033 10718
3034 10718
3035 10718
3036 10718
3037 10718
3038 10718
3039 10718
3040 10718
3041 10718
3042 10718
3043 10718
3044 10718
3045 10720
3046 10720
3047 10720
3048 10720
3049 10724
3050 10724
3051 10724
3052 10724
3053 10724
3054 10724
3055 10726
3056 10727
3057 10727
3058 10727
3059 10731
3060 10731
3061 10731
3062 10731
3063 10731
3064 10731
3065 10731
3066 10731
3067 10731
3068 10731
3069 10731
3070 10731
3071 10731
3072 10733
3073 10733
3074 10733
3075 10734
3076 10734
3077 10734
3078 10734
3079 10734
3080 10736
3081 10736
3082 10736
3083 10736
3084 10736
3085 10736
3086 10736
3087 10739
3088 10739
3089 10739
3090 10739
3091 10739
3092 10739
3093 10739
3094 10739
3095 10739
3096 10739
3097 10739
3098 10740
3099 10740
3100 10740
3101 10742
3102 10744
3103 10746
3104 10746
3105 10747
3106 10747
3107 10747
3108 10747
3109 10748
3110 10748
3111 10748
3112 10748
3113 10748
3114 10748
3115 10748
3116 10748
3117 10751
3118 10751
3119 10751
3120 10751
3121 10753
3122 10753
3123 10753
3124 10753
3125 10753
3126 10753
3127 10753
3128 10754
3129 10754
3130 10754
3131 10754
3132 10758
3133 10759
3134 10759
3135 10759
3136 10759
3137 10759
3138 10759
3139 10759
3140 10759
3141 10759
3142 10759
3143 10762
3144 10762
3145 10762
3146 10762
3147 10762
3148 10762
3149 10762
3150 10762
3151 10762
3152 10762
3153 10762
3154 10762
3155 10762
3156 10762
3157 10762
3158 10762
3159 10762
3160 10762
3161 10762
3162 10762
3163 10763
3164 10764
3165 10764
3166 10764
3167 10764
3168 10764
3169 10764
3170 10764
3171 10764
3172 10764
3173 10764
3174 10764
3175 10764
3176 10764
3177 10765
3178 10765
3179 10765
3180 10767
3181 10769
3182 10769
3183 10773
3184 10773
3185 10773
3186 10773
3187 10773
3188 10775
3189 10775
3190 10775
3191 10775
3192 10775
3193 10775
3194 10775
3195 10777
3196 10777
3197 10779
3198 10779
3199 10782
3200 10782
3201 10782
3202 10782
3203 10782
3204 10782
3205 10782
3206 10782
3207 10782
3208 10782
3209 10782
3210 10782
3211 10782
3212 10782
3213 10782
3214 10782
3215 10782
3216 10782
3217 10782
3218 10782
3219 10782
3220 10782
3221 10785
3222 10785
3223 10785
3224 10785
3225 10785
3226 10785
3227 10785
3228 10785
3229 10785
3230 10785
3231 10785
3232 10785
3233 10785
3234 10785
3235 10785
3236 10785
3237 10786
3238 10786
3239 10786
3240 10786
3241 10786
3242 10786
3243 10786
3244 10786
3245 10787
3246 10787
3247 10787
3248 10790
3249 10790
3250 10790
3251 10791
3252 10794
3253 10794
3254 10794
3255 10794
3256 10794
3257 10794
3258 10794
3259 10794
3260 10794
3261 10794
3262 10795
3263 10795
3264 10798
3265 10798
3266 10798
3267 10798
3268 10798
3269 10798
3270 10799
3271 10801
3272 10801
3273 10801
3274 10801
3275 10801
3276 10803
3277 10803
3278 10804
3279 10804
3280 10804
3281 10805
3282 10805
3283 10805
3284 10805
3285 10805
3286 10805
3287 10805
3288 10805
3289 10805
3290 10805
3291 10805
3292 10805
3293 10805
3294 10805
3295 10805
3296 10805
3297 10805
3298 10806
3299 10806
3300 10806
3301 10806
3302 10806
3303 10806
3304 10806
3305 10806
3306 10806
3307 10806
3308 10806
3309 10806
3310 10807
3311 10808
3312 10808
3313 10808
3314 10808
3315 10808
3316 10810
3317 10810
3318 10810
3319 10810
3320 10810
3321 10810
3322 10810
3323 10810
3324 10810
3325 10811
3326 10811
3327 10811
3328 10811
3329 10811
3330 10811
3331 10811
3332 10811
3333 10812
3334 10812
3335 10812
3336 10812
3337 10812
3338 10812
3339 10812
3340 10812
3341 10814
3342 10814
3343 10814
3344 10814
3345 10814
3346 10814
3347 10814
3348 10814
3349 10814
3350 10815
3351 10815
3352 10815
3353 10815
3354 10815
3355 10816
3356 10818
3357 10818
3358 10818
3359 10818
3360 10818
3361 10818
3362 10818
3363 10819
3364 10819
3365 10819
3366 10819
3367 10819
3368 10819
3369 10819
3370 10819
3371 10819
3372 10819
3373 10819
3374 10819
3375 10819
3376 10819
3377 10819
3378 10819
3379 10820
3380 10821
3381 10821
3382 10821
3383 10821
3384 10821
3385 10821
3386 10821
3387 10821
3388 10821
3389 10821
3390 10821
3391 10821
3392 10822
3393 10822
3394 10822
3395 10822
3396 10822
3397 10822
3398 10822
3399 10822
3400 10822
3401 10822
3402 10822
3403 10822
3404 10824
3405 10824
3406 10824
3407 10824
3408 10825
3409 10825
3410 10827
3411 10827
3412 10827
3413 10827
3414 10827
3415 10827
3416 10827
3417 10828
3418 10829
3419 10829
3420 10829
3421 10829
3422 10829
3423 10829
3424 10829
3425 10829
3426 10829
3427 10829
3428 10829
3429 10829
3430 10830
3431 10830
3432 10830
3433 10832
3434 10832
3435 10833
3436 10833
3437 10833
3438 10833
3439 10833
3440 10833
3441 10833
3442 10833
3443 10834
3444 10834
3445 10835
3446 10836
3447 10836
3448 10836
3449 10836
3450 10836
3451 10836
3452 10837
3453 10837
3454 10837
3455 10837
3456 10837
3457 10837
3458 10837
3459 10837
3460 10837
3461 10837
3462 10839
3463 10839
3464 10839
3465 10839
3466 10839
3467 10839
3468 10839
3469 10839
3470 10839
3471 10839
3472 10839
3473 10839
3474 10839
3475 10841
3476 10842
3477 10842
3478 10842
3479 10844
3480 10844
3481 10844
3482 10844
3483 10844
3484 10844
3485 10844
3486 10844
3487 10844
3488 10844
3489 10844
3490 10844
3491 10844
3492 10844
3493 10844
3494 10844
3495 10844
3496 10844
3497 10844
3498 10844
3499 10847
3500 10847
3501 10847
3502 10847
3503 10847
3504 10847
3505 10849
3506 10849
3507 10849
3508 10849
3509 10849
3510 10849
3511 10849
3512 10849
3513 10850
3514 10850
3515 10850
3516 10850
3517 10852
3518 10852
3519 10852
3520 10852
3521 10852
3522 10852
3523 10852
3524 10852
3525 10852
3526 10852
3527 10852
3528 10852
3529 10852
3530 10852
3531 10852
3532 10852
3533 10853
3534 10853
3535 10853
3536 10854
3537 10854
3538 10854
3539 10854
3540 10854
3541 10854
3542 10854
3543 10854
3544 10854
3545 10854
3546 10854
3547 10857
3548 10857
3549 10857
3550 10857
3551 10857
3552 10857
3553 10857
3554 10857
3555 10857
3556 10857
3557 10857
3558 10857
3559 10857
3560 10857
3561 10857
3562 10857
3563 10857
3564 10858
3565 10859
3566 10860
3567 10860
3568 10860
3569 10860
3570 10860
3571 10860
3572 10860
3573 10860
3574 10860
3575 10860
3576 10860
3577 10860
3578 10860
3579 10860
3580 10861
3581 10861
3582 10863
3583 10863
3584 10863
3585 10863
3586 10863
3587 10863
3588 10863
3589 10863
3590 10863
3591 10863
3592 10863
3593 10863
3594 10865
3595 10865
3596 10865
3597 10865
3598 10865
3599 10865
3600 10865
3601 10865
3602 10865
3603 10865
3604 10865
3605 10865
3606 10866
3607 10866
3608 10866
3609 10866
3610 10867
3611 10867
3612 10867
3613 10867
3614 10867
3615 10867
3616 10867
3617 10867
3618 10867
3619 10867
3620 10867
3621 10870
3622 10870
3623 10870
3624 10870
3625 10870
3626 10870
3627 10870
3628 10870
3629 10870
3630 10871
3631 10871
3632 10871
3633 10871
3634 10871
3635 10871
3636 10871
3637 10871
3638 10873
3639 10873
3640 10874
3641 10874
3642 10875
3643 10877
3644 10879
3645 10880
3646 10880
3647 10880
3648 10880
3649 10880
3650 10880
3651 10880
3652 10880
3653 10880
3654 10880
3655 10880
3656 10880
3657 10880
3658 10880
3659 10880
3660 10880
3661 10880
3662 10880
3663 10880
3664 10880
3665 10880
3666 10880
3667 10880
3668 10880
3669 10880
3670 10880
3671 10882
3672 10882
3673 10882
3674 10882
3675 10884
3676 10884
3677 10884
3678 10884
3679 10884
3680 10884
3681 10884
3682 10884
3683 10884
3684 10884
3685 10884
3686 10884
3687 10884
3688 10884
3689 10884
3690 10884
3691 10884
3692 10884
3693 10884
3694 10886
3695 10887
3696 10887
3697 10887
3698 10887
3699 10889
3700 10889
3701 10889
3702 10889
3703 10891
3704 10891
3705 10891
3706 10891
3707 10891
3708 10891
3709 10891
3710 10891
3711 10891
3712 10891
3713 10891
3714 10891
3715 10891
3716 10891
3717 10891
3718 10891
3719 10891
3720 10893
3721 10894
3722 10895
3723 10896
3724 10896
3725 10896
3726 10896
3727 10896
3728 10896
3729 10896
3730 10900
3731 10901
3732 10901
3733 10902
3734 10902
3735 10902
3736 10902
3737 10902
3738 10902
3739 10902
3740 10902
3741 10902
3742 10904
3743 10904
3744 10904
3745 10904
3746 10904
3747 10904
3748 10904
3749 10904
3750 10904
3751 10904
3752 10904
3753 10904
3754 10905
3755 10905
3756 10905
3757 10905
3758 10906
3759 10906
3760 10906
3761 10906
3762 10907
3763 10907
3764 10907
3765 10907
3766 10907
3767 10907
3768 10907
3769 10907
3770 10907
3771 10908
3772 10908
3773 10908
3774 10908
3775 10908
3776 10909
3777 10909
3778 10912
3779 10913
3780 10913
3781 10913
3782 10913
3783 10915
3784 10915
3785 10915
3786 10915
3787 10915
3788 10915
3789 10915
3790 10915
3791 10916
3792 10916
3793 10916
3794 10916
3795 10916
3796 10916
3797 10916
3798 10916
3799 10916
3800 10916
3801 10916
3802 10916
3803 10916
3804 10916
3805 10916
3806 10919
3807 10919
3808 10919
3809 10919
3810 10919
3811 10919
3812 10919
3813 10919
3814 10919
3815 10919
3816 10919
3817 10921
3818 10921
3819 10921
3820 10921
3821 10921
3822 10921
3823 10921
3824 10921
3825 10921
3826 10921
3827 10921
3828 10921
3829 10921
3830 10921
3831 10921
3832 10921
3833 10921
3834 10921
3835 10921
3836 10921
3837 10921
3838 10921
3839 10923
3840 10923
3841 10923
3842 10924
3843 10924
3844 10924
3845 10924
3846 10924
3847 10924
3848 10924
3849 10924
3850 10924
3851 10924
3852 10924
3853 10924
3854 10924
3855 10924
3856 10925
3857 10926
3858 10926
3859 10926
3860 10926
3861 10926
3862 10926
3863 10926
3864 10926
3865 10926
3866 10926
3867 10926
3868 10926
3869 10926
3870 10926
3871 10926
3872 10926
3873 10926
3874 10926
3875 10927
3876 10927
3877 10927
3878 10927
3879 10927
3880 10927
3881 10927
3882 10927
3883 10927
3884 10927
3885 10928
3886 10928
3887 10928
3888 10928
3889 10930
3890 10930
3891 10930
3892 10933
3893 10933
3894 10935
3895 10935
3896 10935
3897 10935
3898 10937
3899 10937
3900 10937
3901 10937
3902 10940
3903 10940
3904 10940
3905 10940
3906 10940
3907 10940
3908 10940
3909 10940
3910 10940
3911 10940
3912 10940
3913 10940
3914 10940
3915 10940
3916 10940
3917 10940
3918 10942
3919 10942
3920 10944
3921 10944
3922 10944
3923 10944
3924 10945
3925 10945
3926 10945
3927 10945
3928 10945
3929 10945
3930 10945
3931 10946
3932 10946
3933 10946
3934 10946
3935 10946
3936 10946
3937 10946
3938 10946
3939 10946
3940 10946
3941 10946
3942 10946
3943 10946
3944 10946
3945 10946
3946 10946
3947 10946
3948 10946
3949 10946
3950 10946
3951 10946
3952 10948
3953 10948
3954 10948
3955 10948
3956 10948
3957 10948
3958 10949
3959 10952
3960 10952
3961 10952
3962 10952
3963 10952
3964 10952
3965 10952
3966 10954
3967 10954
3968 10954
3969 10954
3970 10954
3971 10954
3972 10954
3973 10954
3974 10956
3975 10956
3976 10956
3977 10956
3978 10956
3979 10956
3980 10956
3981 10956
3982 10957
3983 10958
3984 10958
3985 10958
3986 10958
3987 10958
3988 10958
3989 10958
3990 10958
3991 10958
3992 10958
3993 10958
3994 10958
3995 10959
3996 10962
3997 10963
3998 10963
3999 10963
4000 10963
4001 10963
4002 10964
4003 10964
4004 10964
4005 10964
4006 10964
4007 10966
4008 10966
4009 10966
4010 10968
4011 10968
4012 10969
4013 10974
4014 10974
4015 10974
4016 10974
4017 10974
4018 10974
4019 10974
4020 10975
4021 10975
4022 10975
4023 10975
4024 10975
4025 10975
4026 10976
4027 10976
4028 10977
4029 10977
4030 10980
4031 10980
4032 10980
4033 10980
4034 10981
4035 10981
4036 10981
4037 10982
4038 10982
4039 10982
4040 10982
4041 10982
4042 10984
4043 10984
4044 10984
4045 10984
4046 10984
4047 10987
4048 10987
4049 10987
4050 10987
4051 10987
4052 10987
4053 10987
4054 10987
4055 10987
4056 10987
4057 10987
4058 10987
4059 10989
4060 10989
4061 10989
4062 10989
4063 10989
4064 10989
4065 10990
4066 10990
4067 10991
4068 10991
4069 10991
4070 10991
4071 10991
4072 10991
4073 10991
4074 10991
4075 10991
4076 10993
4077 10993
4078 10993
4079 10993
4080 10993
4081 10995
4082 10995
4083 10995
4084 10995
4085 10996
4086 10996
4087 10996
4088 10996
4089 10996
4090 10996
4091 10996
4092 10996
4093 10996
4094 10996
4095 10996
4096 10996
4097 10996
4098 10996
4099 10996
4100 10996
4101 10999
4102 10999
4103 10999
4104 10999
4105 10999
4106 10999
4107 10999
4108 10999
4109 11001
4110 11002
4111 11002
4112 11003
4113 11003
4114 11004
4115 11005
4116 11005
4117 11005
4118 11005
4119 11005
4120 11005
4121 11005
4122 11006
4123 11006
4124 11006
4125 11006
4126 11006
4127 11006
4128 11006
4129 11006
4130 11006
4131 11006
4132 11006
4133 11006
4134 11007
4135 11007
4136 11007
4137 11007
4138 11007
4139 11007
4140 11008
4141 11008
4142 11008
4143 11008
4144 11008
4145 11008
4146 11008
4147 11008
4148 11008
4149 11008
4150 11010
4151 11010
4152 11011
4153 11011
4154 11011
4155 11011
4156 11012
4157 11012
4158 11012
4159 11012
4160 11012
4161 11012
4162 11012
4163 11012
4164 11012
4165 11012
4166 11012
4167 11012
4168 11012
4169 11012
4170 11013
4171 11013
4172 11013
4173 11013
4174 11013
4175 11013
4176 11013
4177 11013
4178 11013
4179 11014
4180 11014
4181 11014
4182 11015
4183 11016
4184 11016
4185 11017
4186 11019
4187 11020
4188 11020
4189 11020
4190 11020
4191 11022
4192 11022
4193 11022
4194 11022
4195 11022
4196 11022
4197 11022
4198 11022
4199 11022
4200 11025
4201 11025
4202 11025
4203 11025
4204 11025
4205 11025
4206 11025
4207 11025
4208 11025
4209 11025
4210 11025
4211 11025
4212 11025
4213 11025
4214 11025
4215 11025
4216 11026
4217 11026
4218 11026
4219 11026
4220 11026
4221 11026
4222 11026
4223 11026
4224 11026
4225 11026
4226 11030
4227 11030
4228 11030
4229 11030
4230 11030
4231 11030
4232 11030
4233 11030
4234 11030
4235 11033
4236 11033
4237 11033
4238 11033
4239 11033
4240 11033
4241 11033
4242 11034
4243 11034
4244 11034
4245 11034
4246 11036
4247 11036
4248 11036
4249 11036
4250 11038
4251 11038
4252 11038
4253 11038
4254 11039
4255 11040
4256 11040
4257 11040
4258 11040
4259 11040
4260 11040
4261 11040
4262 11040
4263 11040
4264 11040
4265 11041
4266 11041
4267 11041
4268 11042
4269 11042
4270 11042
4271 11044
4272 11044
4273 11044
4274 11044
4275 11044
4276 11044
4277 11044
4278 11044
4279 11044
4280 11044
4281 11044
4282 11044
4283 11044
4284 11044
4285 11044
4286 11044
4287 11046
4288 11046
4289 11048
4290 11048
4291 11048
4292 11048
4293 11048
4294 11048
4295 11048
4296 11048
4297 11048
4298 11048
4299 11048
4300 11048
4301 11048
4302 11048
4303 11048
4304 11048
4305 11048
4306 11048
4307 11050
4308 11050
4309 11050
4310 11050
4311 11050
4312 11050
4313 11050
4314 11050
4315 11050
4316 11050
4317 11050
4318 11050
4319 11050
4320 11050
4321 11050
4322 11050
4323 11050
4324 11052
4325 11052
4326 11052
4327 11052
4328 11052
4329 11052
4330 11052
4331 11053
4332 11053
4333 11053
4334 11053
4335 11053
4336 11053
4337 11053
4338 11053
4339 11056
4340 11056
4341 11056
4342 11056
4343 11056
4344 11056
4345 11056
4346 11056
4347 11056
4348 11056
4349 11057
4350 11058
4351 11058
4352 11058
4353 11058
4354 11058
4355 11058
4356 11058
4357 11058
4358 11058
4359 11058
4360 11058
4361 11059
4362 11059
4363 11059
4364 11059
4365 11059
4366 11059
4367 11059
4368 11059
4369 11060
4370 11060
4371 11061
4372 11061
4373 11061
4374 11061
4375 11061
4376 11061
4377 11061
4378 11061
4379 11061
4380 11061
4381 11061
4382 11062
4383 11063
4384 11063
4385 11063
4386 11063
4387 11063
4388 11063
4389 11064
4390 11064
4391 11064
4392 11064
4393 11064
4394 11064
4395 11064
4396 11064
4397 11064
4398 11064
4399 11065
4400 11065
4401 11065
4402 11065
4403 11066
4404 11067
4405 11067
4406 11070
4407 11070
4408 11070
4409 11070
4410 11070
4411 11070
4412 11070
4413 11071
4414 11073
4415 11073
4416 11073
4417 11073
4418 11073
4419 11073
4420 11073
4421 11073
4422 11073
4423 11073
4424 11076
4425 11076
4426 11076
4427 11076
4428 11077
4429 11077
4430 11077
4431 11077
4432 11077
4433 11077
4434 11077
4435 11077
4436 11077
4437 11077
4438 11077
4439 11078
4440 11078
4441 11078
4442 11080
4443 11080
4444 11080
4445 11081
4446 11081
4447 11081
4448 11081
4449 11081
4450 11081
4451 11081
4452 11081
4453 11082
4454 11082
4455 11082
4456 11082
4457 11082
4458 11082
4459 11082
4460 11082
4461 11082
4462 11082
4463 11082
4464 11082
4465 11082
4466 11084
4467 11084
4468 11084
4469 11085
4470 11087
4471 11087
4472 11087
4473 11087
4474 11087
4475 11089
4476 11089
4477 11089
4478 11089
4479 11089
4480 11089
4481 11089
4482 11089
4483 11090
4484 11090
4485 11091
4486 11093
4487 11093
4488 11093
4489 11093
4490 11093
4491 11093
4492 11093
4493 11093
4494 11094
4495 11094
4496 11094
4497 11094
4498 11094
4499 11094
4500 11094
4501 11094
4502 11095
4503 11095
4504 11095
4505 11095
4506 11095
4507 11095
4508 11095
4509 11095
4510 11095
4511 11095
4512 11095
4513 11095
4514 11095
4515 11096
4516 11096
4517 11096
4518 11098
4519 11098
4520 11098
4521 11098
4522 11098
4523 11098
4524 11099
4525 11099
4526 11099
4527 11099
4528 11099
4529 11099
4530 11100
4531 11100
4532 11100
4533 11100
4534 11100
4535 11100
4536 11101
4537 11101
4538 11101
4539 11101
4540 11101
4541 11101
4542 11102
4543 11102
4544 11102
4545 11103
4546 11103
4547 11103
4548 11103
4549 11103
4550 11103
4551 11103
4552 11103
4553 11103
4554 11103
4555 11103
4556 11103
4557 11103
4558 11103
4559 11103
4560 11103
4561 11103
4562 11103
4563 11103
4564 11103
4565 11103
4566 11103
4567 11103
4568 11103
4569 11103
4570 11107
4571 11107
4572 11107
4573 11107
4574 11107
4575 11107
4576 11107
4577 11107
4578 11107
4579 11107
4580 11107
4581 11107
4582 11108
4583 11108
4584 11108
4585 11108
4586 11108
4587 11109
4588 11109
4589 11110
4590 11110
4591 11110
4592 11110
4593 11110
4594 11110
4595 11110
4596 11110
4597 11112
4598 11112
4599 11112
4600 11113
4601 11114
4602 11114
4603 11114
4604 11114
4605 11114
4606 11114
4607 11114
4608 11114
4609 11114
4610 11114
4611 11114
4612 11114
4613 11114
4614 11114
4615 11114
4616 11114
4617 11114
4618 11116
4619 11118
4620 11119
4621 11119
4622 11119
4623 11119
4624 11119
4625 11119
4626 11119
4627 11119
4628 11119
4629 11119
4630 11119
4631 11119
4632 11119
4633 11119
4634 11120
4635 11121
4636 11121
4637 11121
4638 11121
4639 11123
4640 11123
4641 11123
4642 11123
4643 11123
4644 11123
4645 11123
4646 11123
4647 11123
4648 11123
4649 11123
4650 11123
4651 11123
4652 11123
4653 11123
4654 11123
4655 11123
4656 11123
4657 11123
4658 11123
4659 11123
4660 11123
4661 11123
4662 11123
4663 11123
4664 11124
4665 11124
4666 11124
4667 11124
4668 11126
4669 11126
4670 11126
4671 11126
4672 11127
4673 11127
4674 11127
4675 11130
4676 11131
4677 11131
4678 11131
4679 11131
4680 11131
4681 11131
4682 11134
4683 11134
4684 11135
4685 11136
4686 11136
4687 11136
4688 11136
4689 11136
4690 11136
4691 11136
4692 11136
4693 11138
4694 11138
4695 11138
4696 11138
4697 11138
4698 11138
4699 11139
4700 11139
4701 11139
4702 11139
4703 11139
4704 11139
4705 11140
4706 11140
4707 11140
4708 11140
4709 11140
4710 11140
4711 11140
4712 11140
4713 11140
4714 11140
4715 11140
4716 11140
4717 11140
4718 11140
4719 11140
4720 11140
4721 11140
4722 11140
4723 11140
4724 11140
4725 11142
4726 11143
4727 11144
4728 11145
4729 11145
4730 11145
4731 11145
4732 11145
4733 11145
4734 11145
4735 11145
4736 11145
4737 11145
4738 11145
4739 11145
4740 11145
4741 11145
4742 11147
4743 11147
4744 11151
4745 11151
4746 11151
4747 11152
4748 11152
4749 11152
4750 11152
4751 11152
4752 11152
4753 11155
4754 11155
4755 11155
4756 11155
4757 11155
4758 11155
4759 11155
4760 11155
4761 11156
4762 11156
4763 11156
4764 11156
4765 11156
4766 11156
4767 11156
4768 11157
4769 11159
4770 11159
4771 11161
4772 11161
4773 11161
4774 11161
4775 11161
4776 11164
4777 11164
4778 11164
4779 11164
4780 11164
4781 11164
4782 11164
4783 11164
4784 11164
4785 11164
4786 11164
4787 11164
4788 11164
4789 11164
4790 11164
4791 11164
4792 11167
4793 11167
4794 11168
4795 11168
4796 11168
4797 11168
4798 11168
4799 11168
4800 11168
4801 11168
4802 11169
4803 11169
4804 11169
4805 11169
4806 11169
4807 11169
4808 11169
4809 11169
4810 11169
4811 11169
4812 11169
4813 11169
4814 11169
4815 11169
4816 11169
4817 11170
4818 11170
4819 11172
4820 11172
4821 11172
4822 11175
4823 11176
4824 11176
4825 11176
4826 11176
4827 11176
4828 11176
4829 11176
4830 11176
4831 11176
4832 11176
4833 11176
4834 11178
4835 11179
4836 11179
4837 11179
4838 11179
4839 11179
4840 11179
4841 11180
4842 11180
4843 11180
4844 11180
4845 11180
4846 11180
4847 11183
4848 11183
4849 11184
4850 11184
4851 11184
4852 11184
4853 11184
4854 11184
4855 11184
4856 11184
4857 11184
4858 11184
4859 11184
4860 11184
4861 11184
4862 11184
4863 11184
4864 11184
4865 11184
4866 11185
4867 11185
4868 11185
4869 11186
4870 11186
4871 11186
4872 11186
4873 11189
4874 11189
4875 11189
4876 11189
4877 11189
4878 11189
4879 11189
4880 11189
4881 11189
4882 11189
4883 11189
4884 11189
4885 11189
4886 11190
4887 11190
4888 11190
4889 11190
4890 11190
4891 11190
4892 11190
4893 11190
4894 11190
4895 11190
4896 11190
4897 11190
4898 11191
4899 11192
4900 11192
4901 11192
4902 11192
4903 11192
4904 11192
4905 11192
4906 11192
4907 11192
4908 11194
4909 11194
4910 11194
4911 11194
4912 11194
4913 11194
4914 11194
4915 11195
4916 11195
4917 11195
4918 11195
4919 11196
4920 11196
4921 11196
4922 11196
4923 11197
4924 11197
4925 11197
4926 11197
4927 11197
4928 11197
4929 11197
4930 11199
4931 11199
4932 11199
4933 11199
4934 11200
4935 11200
4936 11202
4937 11202
4938 11202
4939 11202
4940 11202
4941 11202
4942 11202
4943 11202
4944 11202
4945 11202
4946 11205
4947 11205
4948 11205
4949 11205
4950 11206
4951 11206
4952 11208
4953 11208
4954 11208
4955 11208
4956 11208
4957 11210
4958 11211
4959 11211
4960 11212
4961 11212
4962 11213
4963 11213
4964 11214
4965 11215
4966 11215
4967 11215
4968 11216
4969 11216
4970 11216
4971 11216
4972 11216
4973 11216
4974 11216
4975 11216
4976 11216
4977 11216
4978 11216
4979 11216
4980 11216
4981 11217
4982 11217
4983 11217
4984 11217
4985 11217
4986 11217
4987 11218
4988 11218
4989 11218
4990 11218
4991 11218
4992 11218
4993 11218
4994 11218
4995 11218
4996 11218
4997 11219
4998 11219
4999 11219
5000 11219
5001 11219
5002 11220
5003 11220
5004 11220
5005 11220
5006 11220
5007 11220
5008 11221
5009 11223
5010 11223
5011 11223
5012 11225
5013 11227
5014 11227
5015 11227
5016 11227
5017 11227
5018 11227
5019 11227
5020 11227
5021 11227
5022 11228
5023 11228
5024 11228
5025 11228
5026 11228
5027 11229
5028 11229
5029 11229
5030 11229
5031 11229
5032 11229
5033 11229
5034 11229
5035 11229
5036 11229
5037 11230
5038 11230
5039 11231
5040 11231
5041 11231
5042 11231
5043 11231
5044 11231
5045 11231
5046 11231
5047 11232
5048 11232
5049 11232
5050 11232
5051 11234
5052 11234
5053 11234
5054 11235
5055 11235
5056 11235
5057 11236
5058 11236
5059 11236
5060 11238
5061 11238
5062 11238
5063 11238
5064 11238
5065 11238
5066 11238
5067 11240
5068 11240
5069 11240
5070 11240
5071 11241
5072 11241
5073 11241
5074 11241
5075 11241
5076 11242
5077 11242
5078 11242
5079 11242
5080 11242
5081 11242
5082 11242
5083 11244
5084 11244
5085 11247
5086 11247
5087 11249
5088 11249
5089 11249
5090 11249
5091 11249
5092 11249
5093 11249
5094 11249
5095 11249
5096 11249
5097 11249
5098 11249
5099 11250
5100 11250
5101 11250
5102 11250
5103 11250
5104 11250
5105 11250
5106 11252
5107 11252
5108 11252
5109 11252
5110 11254
5111 11254
5112 11254
5113 11254
5114 11255
5115 11255
5116 11255
5117 11256
5118 11256
5119 11256
5120 11256
5121 11257
5122 11259
5123 11259
5124 11259
5125 11259
5126 11259
5127 11261
5128 11261
5129 11261
5130 11261
5131 11262
5132 11262
5133 11262
5134 11262
5135 11262
5136 11262
5137 11262
5138 11262
5139 11262
5140 11262
5141 11262
5142 11262
5143 11262
5144 11262
5145 11262
5146 11262
5147 11262
5148 11262
5149 11262
5150 11262
5151 11262
5152 11262
5153 11262
5154 11262
5155 11262
5156 11264
5157 11264
5158 11264
5159 11264
5160 11264
5161 11267
5162 11267
5163 11267
5164 11267
5165 11267
5166 11267
5167 11267
5168 11268
5169 11268
5170 11268
5171 11268
5172 11268
5173 11268
5174 11268
5175 11268
5176 11268
5177 11268
5178 11268
5179 11268
5180 11269
5181 11272
5182 11272
5183 11272
5184 11272
5185 11272
5186 11272
5187 11272
5188 11273
5189 11273
5190 11273
5191 11273
5192 11273
5193 11273
5194 11274
5195 11274
5196 11274
5197 11274
5198 11274
5199 11274
5200 11274
5201 11274
5202 11275
5203 11275
5204 11275
5205 11275
5206 11275
5207 11275
5208 11275
5209 11277
5210 11277
5211 11277
5212 11277
5213 11277
5214 11277
5215 11277
5216 11277
5217 11277
5218 11277
5219 11277
5220 11277
5221 11277
5222 11277
5223 11278
5224 11278
5225 11278
5226 11278
5227 11279
5228 11279
5229 11280
5230 11280
5231 11280
5232 11280
5233 11280
5234 11280
5235 11280
5236 11281
5237 11281
5238 11281
5239 11283
5240 11285
5241 11285
5242 11285
5243 11285
5244 11285
5245 11285
5246 11285
5247 11285
5248 11285
5249 11285
5250 11285
5251 11285
5252 11285
5253 11285
5254 11285
5255 11285
5256 11285
5257 11285
5258 11285
5259 11285
5260 11285
5261 11285
5262 11285
5263 11285
5264 11285
5265 11285
5266 11285
5267 11285
5268 11285
5269 11287
5270 11287
5271 11287
5272 11287
5273 11290
5274 11290
5275 11290
5276 11290
5277 11290
5278 11290
5279 11290
5280 11290
5281 11290
5282 11290
5283 11290
5284 11290
5285 11290
5286 11290
5287 11290
5288 11290
5289 11290
5290 11290
5291 11290
5292 11290
5293 11290
5294 11290
5295 11290
5296 11290
5297 11290
5298 11290
5299 11291
5300 11291
5301 11291
5302 11291
5303 11291
5304 11291
5305 11291
5306 11291
5307 11291
5308 11292
5309 11292
5310 11292
5311 11292
5312 11292
5313 11292
5314 11292
5315 11292
5316 11292
5317 11292
5318 11292
5319 11292
5320 11292
5321 11292
5322 11292
5323 11292
5324 11292
5325 11292
5326 11292
5327 11292
5328 11292
5329 11292
5330 11292
5331 11292
5332 11294
5333 11294
5334 11294
5335 11294
5336 11297
5337 11297
5338 11297
5339 11297
5340 11297
5341 11297
5342 11297
5343 11299
5344 11299
5345 11299
5346 11299
5347 11302
5348 11302
5349 11302
5350 11302
5351 11302
5352 11302
5353 11303
5354 11303
5355 11303
5356 11303
5357 11304
5358 11304
5359 11305
5360 11305
5361 11305
5362 11305
5363 11305
5364 11307
5365 11307
5366 11307
5367 11307
5368 11307
5369 11307
5370 11307
5371 11307
5372 11308
5373 11308
5374 11309
5375 11309
5376 11309
5377 11309
5378 11309
5379 11309
5380 11311
5381 11311
5382 11311
5383 11311
5384 11311
5385 11313
5386 11314
5387 11314
5388 11314
5389 11314
5390 11314
5391 11314
5392 11316
5393 11319
5394 11319
5395 11320
5396 11320
5397 11321
5398 11321
5399 11323
5400 11323
5401 11323
5402 11323
5403 11323
5404 11323
5405 11323
5406 11327
5407 11327
5408 11327
5409 11327
5410 11327
5411 11327
5412 11329
5413 11329
5414 11329
5415 11329
5416 11329
5417 11329
5418 11329
5419 11329
5420 11329
5421 11329
5422 11329
5423 11333
5424 11333
5425 11333
5426 11333
5427 11333
5428 11333
5429 11333
5430 11333
5431 11333
5432 11333
5433 11334
5434 11334
5435 11334
5436 11334
5437 11335
5438 11335
5439 11335
5440 11335
5441 11335
5442 11335
5443 11335
5444 11335
5445 11336
5446 11336
5447 11336
5448 11336
5449 11336
5450 11336
5451 11337
5452 11337
5453 11337
5454 11337
5455 11337
5456 11337
5457 11337
5458 11337
5459 11337
5460 11337
5461 11337
5462 11337
5463 11337
5464 11339
5465 11339
5466 11339
5467 11339
5468 11339
5469 11339
5470 11339
5471 11339
5472 11339
5473 11339
5474 11339
5475 11339
5476 11339
5477 11339
5478 11339
5479 11339
5480 11339
5481 11339
5482 11339
5483 11340
5484 11341
5485 11341
5486 11341
5487 11341
5488 11341
5489 11341
5490 11341
5491 11341
5492 11342
5493 11342
5494 11345
5495 11347
5496 11347
5497 11350
5498 11350
5499 11350
5500 11350
5501 11351
5502 11351
5503 11355
5504 11355
5505 11355
5506 11355
5507 11355
5508 11355
5509 11355
5510 11355
5511 11355
5512 11355
5513 11355
5514 11355
5515 11355
5516 11355
5517 11355
5518 11355
5519 11355
5520 11355
5521 11356
5522 11356
5523 11356
5524 11356
5525 11356
5526 11356
5527 11356
5528 11356
5529 11356
5530 11356
5531 11356
5532 11358
5533 11358
5534 11358
5535 11358
5536 11358
5537 11360
5538 11361
5539 11361
5540 11361
5541 11361
5542 11361
5543 11361
5544 11361
5545 11361
5546 11361
5547 11361
5548 11361
5549 11361
5550 11361
5551 11362
5552 11363
5553 11366
5554 11366
5555 11366
5556 11366
5557 11366
5558 11366
5559 11366
5560 11366
5561 11367
5562 11368
5563 11368
5564 11369
5565 11369
5566 11369
5567 11369
5568 11369
5569 11369
5570 11369
5571 11370
5572 11370
5573 11370
5574 11370
5575 11370
5576 11371
5577 11371
5578 11371
5579 11371
5580 11371
5581 11371
5582 11371
5583 11371
5584 11371
5585 11371
5586 11371
5587 11371
5588 11371
5589 11371
5590 11371
5591 11371
5592 11371
5593 11371
5594 11372
5595 11374
5596 11374
5597 11374
5598 11374
5599 11374
5600 11374
5601 11374
5602 11374
5603 11374
5604 11374
5605 11374
5606 11374
5607 11374
5608 11375
5609 11375
5610 11375
5611 11376
5612 11376
5613 11376
5614 11376
5615 11376
5616 11377
5617 11377
5618 11377
5619 11377
5620 11377
5621 11377
5622 11377
5623 11377
5624 11378
5625 11378
5626 11378
5627 11378
5628 11378
5629 11378
5630 11378
5631 11378
5632 11380
5633 11380
5634 11380
5635 11382
5636 11382
5637 11382
5638 11382
5639 11385
5640 11385
5641 11385
5642 11385
5643 11386
5644 11386
5645 11386
5646 11386
5647 11386
5648 11386
5649 11386
5650 11388
5651 11388
5652 11390
5653 11391
5654 11391
5655 11391
5656 11393
5657 11393
5658 11396
5659 11396
5660 11396
5661 11396
5662 11396
5663 11396
5664 11398
5665 11398
5666 11398
5667 11398
5668 11398
5669 11398
5670 11398
5671 11398
5672 11398
5673 11398
5674 11398
5675 11398
5676 11398
5677 11398
5678 11398
5679 11398
5680 11399
5681 11399
5682 11399
5683 11399
5684 11399
5685 11399
5686 11399
5687 11399
5688 11399
5689 11399
5690 11399
5691 11399
5692 11399
5693 11400
5694 11400
5695 11400
5696 11400
5697 11400
5698 11400
5699 11401
5700 11401
5701 11401
5702 11401
5703 11403
5704 11403
5705 11404
5706 11404
5707 11404
5708 11404
5709 11405
5710 11406
5711 11406
5712 11406
5713 11406
5714 11408
5715 11408
5716 11408
5717 11408
5718 11408
5719 11408
5720 11408
5721 11408
5722 11408
5723 11408
5724 11408
5725 11408
5726 11408
5727 11410
5728 11410
5729 11410
5730 11410
5731 11411
5732 11411
5733 11411
5734 11411
5735 11411
5736 11411
5737 11412
5738 11412
5739 11412
5740 11412
5741 11412
5742 11412
5743 11412
5744 11412
5745 11412
5746 11412
5747 11412
5748 11412
5749 11412
5750 11412
5751 11412
5752 11412
5753 11414
5754 11414
5755 11415
5756 11415
5757 11415
5758 11415
5759 11415
5760 11415
5761 11417
5762 11417
5763 11417
5764 11417
5765 11417
5766 11417
5767 11417
5768 11417
5769 11417
5770 11418
5771 11419
5772 11419
5773 11419
5774 11419
5775 11419
5776 11419
5777 11419
5778 11419
5779 11420
5780 11420
5781 11420
5782 11420
5783 11420
5784 11420
5785 11420
5786 11420
5787 11420
5788 11421
5789 11421
5790 11421
5791 11421
5792 11421
5793 11421
5794 11421
5795 11421
5796 11421
5797 11421
5798 11421
5799 11422
5800 11422
5801 11422
5802 11422
5803 11422
5804 11422
5805 11422
5806 11422
5807 11422
5808 11423
5809 11423
5810 11423
5811 11423
5812 11424
5813 11425
5814 11426
5815 11428
5816 11428
5817 11428
5818 11428
5819 11428
5820 11428
5821 11428
5822 11428
5823 11428
5824 11428
5825 11428
5826 11428
5827 11428
5828 11428
5829 11428
5830 11428
5831 11428
5832 11428
5833 11428
5834 11428
5835 11430
5836 11430
5837 11430
5838 11430
5839 11432
5840 11434
5841 11434
5842 11434
5843 11434
5844 11434
5845 11434
5846 11434
5847 11434
5848 11434
5849 11435
5850 11436
5851 11436
5852 11438
5853 11438
5854 11438
5855 11438
5856 11438
5857 11438
5858 11438
5859 11438
5860 11438
5861 11438
5862 11438
5863 11439
5864 11441
5865 11441
5866 11441
5867 11443
5868 11443
5869 11443
5870 11443
5871 11443
5872 11443
5873 11444
5874 11444
5875 11446
5876 11446
5877 11446
5878 11446
5879 11446
5880 11446
5881 11446
5882 11446
5883 11446
5884 11446
5885 11446
5886 11446
5887 11446
5888 11446
5889 11446
5890 11446
5891 11449
5892 11449
5893 11449
5894 11449
5895 11450
5896 11450
5897 11450
5898 11450
5899 11450
5900 11450
5901 11450
5902 11450
5903 11450
5904 11450
5905 11450
5906 11450
5907 11450
5908 11450
5909 11450
5910 11450
5911 11450
5912 11450
5913 11450
5914 11450
5915 11450
5916 11450
5917 11450
5918 11450
5919 11451
5920 11451
5921 11451
5922 11451
5923 11452
5924 11452
5925 11452
5926 11452
5927 11452
5928 11453
5929 11453
5930 11453
5931 11453
5932 11453
5933 11453
5934 11453
5935 11453
5936 11453
5937 11453
5938 11454
5939 11454
5940 11454
5941 11458
5942 11458
5943 11458
5944 11458
5945 11458
5946 11458
5947 11459
5948 11459
5949 11459
5950 11459
5951 11459
5952 11459
5953 11459
5954 11460
5955 11460
5956 11460
5957 11460
5958 11460
5959 11460
5960 11460
5961 11460
5962 11460
5963 11462
5964 11462
5965 11462
5966 11462
5967 11462
5968 11462
5969 11462
5970 11462
5971 11462
5972 11462
5973 11462
5974 11462
5975 11462
5976 11462
5977 11466
5978 11467
5979 11467
5980 11467
5981 11467
5982 11467
5983 11467
5984 11467
5985 11467
5986 11467
5987 11467
5988 11467
5989 11467
5990 11467
5991 11468
5992 11468
5993 11468
5994 11468
5995 11473
5996 11473
5997 11473
5998 11473
5999 11473
6000 11473
6001 11473
6002 11473
6003 11473
6004 11474
6005 11474
6006 11474
6007 11474
6008 11475
6009 11475
6010 11475
6011 11475
6012 11475
6013 11475
6014 11475
6015 11475
6016 11475
6017 11475
6018 11475
6019 11475
6020 11475
6021 11475
6022 11475
6023 11475
6024 11475
6025 11476
6026 11476
6027 11476
6028 11476
6029 11476
6030 11477
6031 11477
6032 11478
6033 11479
6034 11479
6035 11479
6036 11479
6037 11479
6038 11479
6039 11481
6040 11481
6041 11482
6042 11482
6043 11485
6044 11485
6045 11485
6046 11485
6047 11485
6048 11488
6049 11488
6050 11488
6051 11488
6052 11488
6053 11488
6054 11488
6055 11488
6056 11488
6057 11488
6058 11488
6059 11488
6060 11488
6061 11488
6062 11488
6063 11488
6064 11488
6065 11488
6066 11491
6067 11491
6068 11491
6069 11491
6070 11491
6071 11491
6072 11491
6073 11492
6074 11492
6075 11492
6076 11492
6077 11492
6078 11492
6079 11492
6080 11492
6081 11492
6082 11492
6083 11492
6084 11492
6085 11492
6086 11493
6087 11493
6088 11493
6089 11493
6090 11493
6091 11493
6092 11493
6093 11493
6094 11493
6095 11493
6096 11495
6097 11495
6098 11495
6099 11497
6100 11497
6101 11497
6102 11497
6103 11497
6104 11497
6105 11497
6106 11498
6107 11498
6108 11498
6109 11498
6110 11498
6111 11498
6112 11498
6113 11498
6114 11498
6115 11498
6116 11499
6117 11499
6118 11499
6119 11500
6120 11500
6121 11500
6122 11500
6123 11500
6124 11500
6125 11500
6126 11500
6127 11500
6128 11500
6129 11500
6130 11500
6131 11500
6132 11500
6133 11500
6134 11500
6135 11500
6136 11500
6137 11500
6138 11500
6139 11500
6140 11500
6141 11500
6142 11500
6143 11500
6144 11500
6145 11502
6146 11502
6147 11502
6148 11502
6149 11502
6150 11502
6151 11502
6152 11502
6153 11502
6154 11502
6155 11502
6156 11503
6157 11503
6158 11507
6159 11507
6160 11507
6161 11507
6162 11507
6163 11507
6164 11508
6165 11508
6166 11508
6167 11508
6168 11508
6169 11508
6170 11508
6171 11508
6172 11508
6173 11511
6174 11511
6175 11511
6176 11512
6177 11512
6178 11512
6179 11512
6180 11512
6181 11512
6182 11512
6183 11512
6184 11512
6185 11512
6186 11512
6187 11514
6188 11514
6189 11514
6190 11514
6191 11515
6192 11515
6193 11515
6194 11515
6195 11516
6196 11516
6197 11517
6198 11517
6199 11517
6200 11517
6201 11517
6202 11518
6203 11518
6204 11518
6205 11518
6206 11518
6207 11518
6208 11519
6209 11519
6210 11520
6211 11520
6212 11520
6213 11520
6214 11520
6215 11520
6216 11520
6217 11520
6218 11520
6219 11520
6220 11520
6221 11520
6222 11520
6223 11520
6224 11524
6225 11524
6226 11524
6227 11524
6228 11524
6229 11524
6230 11524
6231 11524
6232 11524
6233 11524
6234 11524
6235 11524
6236 11524
6237 11524
6238 11524
6239 11524
6240 11524
6241 11524
6242 11525
6243 11525
6244 11525
6245 11525
6246 11526
6247 11526
6248 11526
6249 11526
6250 11527
6251 11527
6252 11527
6253 11527
6254 11527
6255 11527
6256 11527
6257 11527
6258 11527
6259 11527
6260 11527
6261 11527
6262 11528
6263 11528
6264 11528
6265 11528
6266 11528
6267 11528
6268 11528
6269 11528
6270 11528
6271 11528
6272 11528
6273 11532
6274 11532
6275 11533
6276 11533
6277 11533
6278 11533
6279 11535
6280 11537
6281 11537
6282 11537
6283 11537
6284 11537
6285 11537
6286 11537
6287 11537
6288 11537
6289 11537
6290 11537
6291 11537
6292 11537
6293 11541
6294 11541
6295 11541
6296 11541
6297 11541
6298 11541
6299 11541
6300 11541
6301 11541
6302 11541
6303 11541
6304 11543
6305 11543
6306 11543
6307 11543
6308 11546
6309 11547
6310 11547
6311 11547
6312 11547
6313 11547
6314 11547
6315 11549
6316 11549
6317 11549
6318 11549
6319 11549
6320 11549
6321 11549
6322 11549
6323 11549
6324 11549
6325 11551
6326 11551
6327 11552
6328 11552
6329 11552
6330 11552
6331 11552
6332 11552
6333 11552
6334 11552
6335 11552
6336 11552
6337 11552
6338 11552
6339 11552
6340 11552
6341 11552
6342 11552
6343 11552
6344 11554
6345 11554
6346 11554
6347 11555
6348 11555
6349 11555
6350 11555
6351 11555
6352 11555
6353 11555
6354 11555
6355 11555
6356 11555
6357 11555
6358 11555
6359 11555
6360 11555
6361 11555
6362 11559
6363 11559
6364 11559
6365 11559
6366 11559
6367 11559
6368 11559
6369 11559
6370 11559
6371 11559
6372 11559
6373 11559
6374 11559
6375 11559
6376 11562
6377 11562
6378 11562
6379 11562
6380 11562
6381 11562
6382 11562
6383 11562
6384 11562
6385 11562
6386 11562
6387 11562
6388 11562
6389 11562
6390 11562
6391 11562
6392 11562
6393 11562
6394 11562
6395 11562
6396 11562
6397 11562
6398 11562
6399 11562
6400 11562
6401 11562
6402 11562
6403 11562
6404 11562
6405 11562
6406 11562
6407 11564
6408 11564
6409 11564
6410 11564
6411 11564
6412 11564
6413 11564
6414 11564
6415 11564
6416 11564
6417 11564
6418 11564
6419 11564
6420 11565
6421 11565
6422 11566
6423 11566
6424 11566
6425 11566
6426 11566
6427 11567
6428 11567
6429 11567
6430 11568
6431 11568
6432 11570
6433 11571
6434 11571
6435 11574
6436 11574
6437 11574
6438 11574
6439 11574
6440 11574
6441 11574
6442 11574
6443 11575
6444 11575
6445 11575
6446 11575
6447 11575
6448 11575
6449 11575
6450 11575
6451 11575
6452 11576
6453 11576
6454 11576
6455 11576
6456 11576
6457 11577
6458 11577
6459 11577
6460 11577
6461 11578
6462 11578
6463 11578
6464 11578
6465 11579
6466 11579
6467 11580
6468 11582
6469 11582
6470 11582
6471 11582
6472 11582
6473 11583
6474 11583
6475 11583
6476 11583
6477 11583
6478 11584
6479 11584
6480 11584
6481 11585
6482 11585
6483 11585
6484 11585
6485 11587
6486 11587
6487 11587
6488 11587
6489 11587
6490 11587
6491 11587
6492 11587
6493 11587
6494 11587
6495 11587
6496 11587
6497 11587
6498 11587
6499 11587
6500 11587
6501 11587
6502 11587
6503 11587
6504 11588
6505 11588
6506 11588
6507 11588
6508 11588
6509 11588
6510 11588
6511 11588
6512 11588
6513 11588
6514 11588
6515 11588
6516 11588
6517 11589
6518 11589
6519 11589
6520 11589
6521 11589
6522 11589
6523 11589
6524 11589
6525 11589
6526 11589
6527 11589
6528 11589
6529 11591
6530 11593
6531 11593
6532 11593
6533 11593
6534 11593
6535 11593
6536 11593
6537 11593
6538 11593
6539 11593
6540 11593
6541 11594
6542 11594
6543 11594
6544 11596
6545 11597
6546 11599
6547 11599
6548 11599
6549 11599
6550 11599
6551 11599
6552 11599
6553 11599
6554 11600
6555 11600
6556 11600
6557 11600
6558 11600
6559 11600
6560 11600
6561 11600
6562 11602
6563 11602
6564 11602
6565 11602
6566 11602
6567 11602
6568 11602
6569 11602
6570 11602
6571 11602
6572 11602
6573 11602
6574 11602
6575 11602
6576 11605
6577 11606
6578 11606
6579 11606
6580 11606
6581 11606
6582 11609
6583 11609
6584 11609
6585 11609
6586 11609
6587 11609
6588 11609
6589 11609
6590 11609
6591 11610
6592 11610
6593 11610
6594 11610
6595 11610
6596 11610
6597 11610
6598 11610
6599 11611
6600 11611
6601 11613
6602 11613
6603 11613
6604 11613
6605 11613
6606 11613
6607 11613
6608 11613
6609 11613
6610 11613
6611 11613
6612 11613
6613 11613
6614 11614
6615 11616
6616 11616
6617 11616
6618 11616
6619 11616
6620 11617
6621 11617
6622 11617
6623 11617
6624 11617
6625 11617
6626 11617
6627 11617
6628 11617
6629 11617
6630 11618
6631 11618
6632 11618
6633 11618
6634 11618
6635 11619
6636 11619
6637 11619
6638 11619
6639 11619
6640 11619
6641 11619
6642 11619
6643 11619
6644 11619
6645 11621
6646 11621
6647 11622
6648 11622
6649 11622
6650 11622
6651 11623
6652 11623
6653 11624
6654 11624
6655 11626
6656 11626
6657 11626
6658 11626
6659 11626
6660 11626
6661 11626
6662 11626
6663 11626
6664 11626
6665 11626
6666 11627
6667 11627
6668 11627
6669 11627
6670 11627
6671 11627
6672 11627
6673 11627
6674 11627
6675 11627
6676 11627
6677 11627
6678 11627
6679 11627
6680 11627
6681 11627
6682 11628
6683 11628
6684 11628
6685 11628
6686 11628
6687 11628
6688 11628
6689 11628
6690 11628
6691 11628
6692 11629
6693 11629
6694 11631
6695 11631
6696 11631
6697 11631
6698 11632
6699 11632
6700 11632
6701 11632
6702 11632
6703 11632
6704 11632
6705 11632
6706 11632
6707 11632
6708 11632
6709 11632
6710 11632
6711 11633
6712 11633
6713 11633
6714 11633
6715 11633
6716 11633
6717 11633
6718 11633
6719 11634
6720 11634
6721 11635
6722 11635
6723 11635
6724 11635
6725 11635
6726 11635
6727 11635
6728 11635
6729 11635
6730 11635
6731 11635
6732 11635
6733 11635
6734 11635
6735 11636
6736 11637
6737 11637
6738 11637
6739 11638
6740 11638
6741 11638
6742 11639
6743 11640
6744 11640
6745 11640
6746 11642
6747 11642
6748 11642
6749 11646
6750 11646
6751 11646
6752 11647
6753 11647
6754 11647
6755 11647
6756 11647
6757 11647
6758 11647
6759 11647
6760 11649
6761 11649
6762 11649
6763 11649
6764 11649
6765 11649
6766 11649
6767 11649
6768 11649
6769 11649
6770 11651
6771 11651
6772 11651
6773 11651
6774 11651
6775 11653
6776 11653
6777 11653
6778 11653
6779 11653
6780 11653
6781 11653
6782 11653
6783 11653
6784 11653
6785 11653
6786 11653
6787 11653
6788 11653
6789 11653
6790 11656
6791 11656
6792 11656
6793 11657
6794 11657
6795 11657
6796 11657
6797 11657
6798 11657
6799 11657
6800 11657
6801 11657
6802 11657
6803 11660
6804 11663
6805 11663
6806 11663
6807 11665
6808 11665
6809 11667
6810 11667
6811 11667
6812 11668
6813 11668
6814 11668
6815 11668
6816 11668
6817 11668
6818 11668
6819 11668
6820 11668
6821 11671
6822 11671
6823 11672
6824 11673
6825 11673
6826 11673
6827 11673
6828 11673
6829 11673
6830 11673
6831 11673
6832 11673
6833 11673
6834 11673
6835 11675
6836 11675
6837 11675
6838 11675
6839 11675
6840 11675
6841 11675
6842 11675
6843 11676
6844 11676
6845 11676
6846 11676
6847 11676
6848 11676
6849 11676
6850 11676
6851 11676
6852 11676
6853 11676
6854 11676
6855 11676
6856 11676
6857 11676
6858 11676
6859 11676
6860 11676
6861 11676
6862 11678
6863 11678
6864 11678
6865 11678
6866 11680
6867 11680
6868 11680
6869 11682
6870 11682
6871 11682
6872 11682
6873 11682
6874 11682
6875 11682
6876 11682
6877 11683
6878 11683
6879 11683
6880 11684
6881 11684
6882 11684
6883 11685
6884 11685
6885 11685
6886 11685
6887 11686
6888 11686
6889 11687
6890 11687
6891 11687
6892 11687
6893 11687
6894 11687
6895 11687
6896 11687
6897 11688
6898 11689
6899 11689
6900 11689
6901 11691
6902 11691
6903 11691
6904 11691
6905 11691
6906 11691
6907 11691
6908 11691
6909 11691
6910 11691
6911 11691
6912 11692
6913 11692
6914 11693
6915 11693
6916 11693
6917 11693
6918 11693
6919 11693
6920 11693
6921 11693
6922 11693
6923 11693
6924 11693
6925 11693
6926 11693
6927 11693
6928 11693
6929 11693
6930 11695
6931 11695
6932 11695
6933 11695
6934 11697
6935 11697
6936 11697
6937 11697
6938 11697
6939 11697
6940 11697
6941 11697
6942 11697
6943 11697
6944 11697
6945 11697
6946 11697
6947 11697
6948 11698
6949 11698
6950 11698
6951 11698
6952 11698
6953 11698
6954 11698
6955 11698
6956 11698
6957 11698
6958 11698
6959 11698
6960 11698
6961 11698
6962 11698
6963 11698
6964 11698
6965 11698
6966 11698
6967 11698
6968 11698
6969 11699
6970 11699
6971 11699
6972 11699
6973 11699
6974 11699
6975 11699
6976 11699
6977 11699
6978 11699
6979 11699
6980 11699
6981 11699
6982 11699
6983 11699
6984 11702
6985 11702
6986 11702
6987 11702
6988 11702
6989 11702
6990 11702
6991 11702
6992 11702
6993 11702
6994 11702
6995 11702
6996 11703
6997 11703
6998 11703
6999 11704
7000 11704
7001 11704
7002 11704
7003 11704
7004 11704
7005 11704
7006 11704
7007 11705
7008 11705
7009 11705
7010 11706
7011 11706
7012 11706
7013 11706
7014 11706
7015 11706
7016 11706
7017 11707
7018 11707
7019 11707
7020 11707
7021 11707
7022 11707
7023 11707
7024 11707
7025 11707
7026 11707
7027 11708
7028 11709
7029 11709
7030 11710
7031 11710
7032 11710
7033 11710
7034 11710
7035 11712
7036 11712
7037 11713
7038 11714
7039 11714
7040 11714
7041 11719
7042 11719
7043 11719
7044 11719
7045 11719
7046 11719
7047 11719
7048 11719
7049 11719
7050 11719
7051 11719
7052 11719
7053 11719
7054 11719
7055 11719
7056 11719
7057 11719
7058 11719
7059 11721
7060 11721
7061 11721
7062 11721
7063 11721
7064 11721
7065 11721
7066 11721
7067 11721
7068 11721
7069 11721
7070 11724
7071 11724
7072 11724
7073 11724
7074 11724
7075 11724
7076 11724
7077 11724
7078 11724
7079 11725
7080 11726
7081 11726
7082 11726
7083 11726
7084 11726
7085 11726
7086 11726
7087 11728
7088 11728
7089 11728
7090 11728
7091 11728
7092 11730
7093 11731
7094 11732
7095 11732
7096 11732
7097 11733
7098 11733
7099 11733
7100 11733
7101 11733
7102 11733
7103 11735
7104 11735
7105 11735
7106 11735
7107 11735
7108 11736
7109 11738
7110 11741
7111 11741
7112 11741
7113 11741
7114 11741
7115 11741
7116 11741
7117 11741
7118 11741
7119 11742
7120 11743
7121 11743
7122 11743
7123 11743
7124 11743
7125 11743
7126 11744
7127 11745
7128 11745
7129 11745
7130 11745
7131 11745
7132 11745
7133 11745
7134 11745
7135 11745
7136 11745
7137 11745
7138 11745
7139 11745
7140 11745
7141 11745
7142 11745
7143 11745
7144 11745
7145 11745
7146 11745
7147 11745
7148 11746
7149 11746
7150 11746
7151 11746
7152 11746
7153 11746
7154 11746
7155 11746
7156 11746
7157 11746
7158 11746
7159 11746
7160 11746
7161 11747
7162 11747
7163 11747
7164 11747
7165 11747
7166 11748
7167 11748
7168 11749
7169 11749
7170 11749
7171 11749
7172 11749
7173 11751
7174 11751
7175 11751
7176 11751
7177 11751
7178 11751
7179 11751
7180 11751
7181 11751
7182 11751
7183 11751
7184 11751
7185 11751
7186 11751
7187 11751
7188 11751
7189 11751
7190 11751
7191 11752
7192 11752
7193 11754
7194 11754
7195 11754
7196 11754
7197 11754
7198 11754
7199 11754
