0 10.0 11.5 0 1 26 
1 10.0 14.5 0 2 27 
2 10.0 18.0 0 3 27 
3 10.0 22.0 0 4 28 
4 10.0 26.0 0 5 28 
5 12.0 14.0 0 11 27 
6 16.0 14.0 0 11 12 
7 20.0 14.0 0 12 13 
8 24.0 14.0 0 13 14 
9 12.0 18.0 0 15 27 
10 16.0 18.0 0 15 31 
11 12.0 22.0 0 16 28 
12 16.0 22.0 0 16 31 
13 12.0 26.0 0 17 28 
14 14.0 28.0 0 17 133 
15 18.0 24.0 0 22 31 
16 18.0 28.0 0 22 133 
17 20.5 24.0 0 23 31 
18 20.5 28.0 0 23 133 
19 22.5 24.0 0 24 31 
20 22.5 26.0 0 24 25 
21 22.5 28.0 0 25 133 
22 11.0 12.0 0 26 27 
23 11.0 20.0 0 27 28 
24 11.0 28.0 0 28 132 
25 11.5 10.0 0 6 26 
26 14.5 10.0 0 7 29 
27 18.0 10.0 0 8 29 
28 22.0 10.0 0 9 30 
29 26.0 10.0 0 10 30 
30 14.0 12.0 0 11 29 
31 14.0 16.0 0 11 15 
32 14.0 20.0 0 15 16 
33 14.0 24.0 0 16 17 
34 18.0 12.0 0 12 29 
35 18.0 16.0 0 12 31 
36 22.0 12.0 0 13 30 
37 22.0 16.0 0 13 31 
38 26.0 12.0 0 14 30 
39 28.0 14.0 0 14 135 
40 24.0 18.0 0 18 31 
41 28.0 18.0 0 18 135 
42 24.0 20.5 0 19 31 
43 28.0 20.5 0 19 135 
44 24.0 22.5 0 20 31 
45 26.0 22.5 0 20 21 
46 28.0 22.5 0 21 135 
47 12.0 11.0 0 26 29 
48 20.0 11.0 0 29 30 
49 28.0 11.0 0 30 134 
50 10.0 10.0 0 0 1 6 26 
51 10.0 48.5 0 36 111 
52 10.0 45.5 0 39 114 
53 10.0 42.0 0 42 114 
54 10.0 38.0 0 45 117 
55 10.0 34.0 0 48 117 
56 12.0 46.0 0 66 114 
57 16.0 46.0 0 66 69 
58 20.0 46.0 0 69 72 
59 24.0 46.0 0 72 75 
60 12.0 42.0 0 78 114 
61 16.0 42.0 0 78 126 
62 12.0 38.0 0 81 117 
63 16.0 38.0 0 81 126 
64 12.0 34.0 0 84 117 
65 14.0 32.0 0 84 133 
66 18.0 36.0 0 99 126 
67 18.0 32.0 0 99 133 
68 20.5 36.0 0 102 126 
69 20.5 32.0 0 102 133 
70 22.5 36.0 0 105 126 
71 22.5 34.0 0 105 108 
72 22.5 32.0 0 108 133 
73 11.0 48.0 0 111 114 
74 11.0 40.0 0 114 117 
75 11.0 32.0 0 117 132 
76 11.5 50.0 0 51 111 
77 14.5 50.0 0 54 120 
78 18.0 50.0 0 57 120 
79 22.0 50.0 0 60 123 
80 26.0 50.0 0 63 123 
81 14.0 48.0 0 66 120 
82 14.0 44.0 0 66 78 
83 14.0 40.0 0 78 81 
84 14.0 36.0 0 81 84 
85 18.0 48.0 0 69 120 
86 18.0 44.0 0 69 126 
87 22.0 48.0 0 72 123 
88 22.0 44.0 0 72 126 
89 26.0 48.0 0 75 123 
90 28.0 46.0 0 75 136 
91 24.0 42.0 0 87 126 
92 28.0 42.0 0 87 136 
93 24.0 39.5 0 90 126 
94 28.0 39.5 0 90 136 
95 24.0 37.5 0 93 126 
96 26.0 37.5 0 93 96 
97 28.0 37.5 0 96 136 
98 12.0 49.0 0 111 120 
99 20.0 49.0 0 120 123 
100 28.0 49.0 0 123 137 
101 10.0 50.0 0 33 36 51 111 
102 50.0 11.5 0 35 110 
103 50.0 14.5 0 38 113 
104 50.0 18.0 0 41 113 
105 50.0 22.0 0 44 116 
106 50.0 26.0 0 47 116 
107 48.0 14.0 0 65 113 
108 44.0 14.0 0 65 68 
109 40.0 14.0 0 68 71 
110 36.0 14.0 0 71 74 
111 48.0 18.0 0 77 113 
112 44.0 18.0 0 77 125 
113 48.0 22.0 0 80 116 
114 44.0 22.0 0 80 125 
115 48.0 26.0 0 83 116 
116 46.0 28.0 0 83 138 
117 42.0 24.0 0 98 125 
118 42.0 28.0 0 98 138 
119 39.5 24.0 0 101 125 
120 39.5 28.0 0 101 138 
121 37.5 24.0 0 104 125 
122 37.5 26.0 0 104 107 
123 37.5 28.0 0 107 138 
124 49.0 12.0 0 110 113 
125 49.0 20.0 0 113 116 
126 49.0 28.0 0 116 139 
127 48.5 10.0 0 50 110 
128 45.5 10.0 0 53 119 
129 42.0 10.0 0 56 119 
130 38.0 10.0 0 59 122 
131 34.0 10.0 0 62 122 
132 46.0 12.0 0 65 119 
133 46.0 16.0 0 65 77 
134 46.0 20.0 0 77 80 
135 46.0 24.0 0 80 83 
136 42.0 12.0 0 68 119 
137 42.0 16.0 0 68 125 
138 38.0 12.0 0 71 122 
139 38.0 16.0 0 71 125 
140 34.0 12.0 0 74 122 
141 32.0 14.0 0 74 135 
142 36.0 18.0 0 86 125 
143 32.0 18.0 0 86 135 
144 36.0 20.5 0 89 125 
145 32.0 20.5 0 89 135 
146 36.0 22.5 0 92 125 
147 34.0 22.5 0 92 95 
148 32.0 22.5 0 95 135 
149 48.0 11.0 0 110 119 
150 40.0 11.0 0 119 122 
151 32.0 11.0 0 122 134 
152 50.0 10.0 0 32 35 50 110 
153 50.0 48.5 0 37 112 
154 50.0 45.5 0 40 115 
155 50.0 42.0 0 43 115 
156 50.0 38.0 0 46 118 
157 50.0 34.0 0 49 118 
158 48.0 46.0 0 67 115 
159 44.0 46.0 0 67 70 
160 40.0 46.0 0 70 73 
161 36.0 46.0 0 73 76 
162 48.0 42.0 0 79 115 
163 44.0 42.0 0 79 127 
164 48.0 38.0 0 82 118 
165 44.0 38.0 0 82 127 
166 48.0 34.0 0 85 118 
167 46.0 32.0 0 85 138 
168 42.0 36.0 0 100 127 
169 42.0 32.0 0 100 138 
170 39.5 36.0 0 103 127 
171 39.5 32.0 0 103 138 
172 37.5 36.0 0 106 127 
173 37.5 34.0 0 106 109 
174 37.5 32.0 0 109 138 
175 49.0 48.0 0 112 115 
176 49.0 40.0 0 115 118 
177 49.0 32.0 0 118 139 
178 48.5 50.0 0 52 112 
179 45.5 50.0 0 55 121 
180 42.0 50.0 0 58 121 
181 38.0 50.0 0 61 124 
182 34.0 50.0 0 64 124 
183 46.0 48.0 0 67 121 
184 46.0 44.0 0 67 79 
185 46.0 40.0 0 79 82 
186 46.0 36.0 0 82 85 
187 42.0 48.0 0 70 121 
188 42.0 44.0 0 70 127 
189 38.0 48.0 0 73 124 
190 38.0 44.0 0 73 127 
191 34.0 48.0 0 76 124 
192 32.0 46.0 0 76 136 
193 36.0 42.0 0 88 127 
194 32.0 42.0 0 88 136 
195 36.0 39.5 0 91 127 
196 32.0 39.5 0 91 136 
197 36.0 37.5 0 94 127 
198 34.0 37.5 0 94 97 
199 32.0 37.5 0 97 136 
200 48.0 49.0 0 112 121 
201 40.0 49.0 0 121 124 
202 32.0 49.0 0 124 137 
203 50.0 50.0 0 34 37 52 112 
204 5.0 30.0 0 128 
205 10.0 30.0 0 128 132 
206 30.0 5.0 0 129 
207 30.0 10.0 0 129 134 
208 30.0 50.0 0 130 137 
209 30.0 55.0 0 130 
210 50.0 30.0 0 131 139 
211 55.0 30.0 0 131 
212 12.0 30.0 0 132 133 
213 24.0 30.0 0 133 140 
214 30.0 12.0 0 134 135 
215 30.0 24.0 0 135 140 
216 30.0 36.0 0 136 140 
217 30.0 48.0 0 136 137 
218 36.0 30.0 0 138 140 
219 48.0 30.0 0 138 139 
220 10.0 11.5 1 142 167 
221 10.0 14.5 1 143 168 
222 10.0 18.0 1 144 168 
223 10.0 22.0 1 145 169 
224 10.0 26.0 1 146 169 
225 12.0 14.0 1 152 168 
226 16.0 14.0 1 152 153 
227 20.0 14.0 1 153 154 
228 24.0 14.0 1 154 155 
229 12.0 18.0 1 156 168 
230 16.0 18.0 1 156 172 
231 12.0 22.0 1 157 169 
232 16.0 22.0 1 157 172 
233 12.0 26.0 1 158 169 
234 14.0 28.0 1 158 274 
235 18.0 24.0 1 163 172 
236 18.0 28.0 1 163 274 
237 20.5 24.0 1 164 172 
238 20.5 28.0 1 164 274 
239 22.5 24.0 1 165 172 
240 22.5 26.0 1 165 166 
241 22.5 28.0 1 166 274 
242 11.0 12.0 1 167 168 
243 11.0 20.0 1 168 169 
244 11.0 28.0 1 169 273 
245 11.5 10.0 1 147 167 
246 14.5 10.0 1 148 170 
247 18.0 10.0 1 149 170 
248 22.0 10.0 1 150 171 
249 26.0 10.0 1 151 171 
250 14.0 12.0 1 152 170 
251 14.0 16.0 1 152 156 
252 14.0 20.0 1 156 157 
253 14.0 24.0 1 157 158 
254 18.0 12.0 1 153 170 
255 18.0 16.0 1 153 172 
256 22.0 12.0 1 154 171 
257 22.0 16.0 1 154 172 
258 26.0 12.0 1 155 171 
259 28.0 14.0 1 155 276 
260 24.0 18.0 1 159 172 
261 28.0 18.0 1 159 276 
262 24.0 20.5 1 160 172 
263 28.0 20.5 1 160 276 
264 24.0 22.5 1 161 172 
265 26.0 22.5 1 161 162 
266 28.0 22.5 1 162 276 
267 12.0 11.0 1 167 170 
268 20.0 11.0 1 170 171 
269 28.0 11.0 1 171 275 
270 10.0 10.0 1 141 142 147 167 
271 10.0 48.5 1 177 252 
272 10.0 45.5 1 180 255 
273 10.0 42.0 1 183 255 
274 10.0 38.0 1 186 258 
275 10.0 34.0 1 189 258 
276 12.0 46.0 1 207 255 
277 16.0 46.0 1 207 210 
278 20.0 46.0 1 210 213 
279 24.0 46.0 1 213 216 
280 12.0 42.0 1 219 255 
281 16.0 42.0 1 219 267 
282 12.0 38.0 1 222 258 
283 16.0 38.0 1 222 267 
284 12.0 34.0 1 225 258 
285 14.0 32.0 1 225 274 
286 18.0 36.0 1 240 267 
287 18.0 32.0 1 240 274 
288 20.5 36.0 1 243 267 
289 20.5 32.0 1 243 274 
290 22.5 36.0 1 246 267 
291 22.5 34.0 1 246 249 
292 22.5 32.0 1 249 274 
293 11.0 48.0 1 252 255 
294 11.0 40.0 1 255 258 
295 11.0 32.0 1 258 273 
296 11.5 50.0 1 192 252 
297 14.5 50.0 1 195 261 
298 18.0 50.0 1 198 261 
299 22.0 50.0 1 201 264 
300 26.0 50.0 1 204 264 
301 14.0 48.0 1 207 261 
302 14.0 44.0 1 207 219 
303 14.0 40.0 1 219 222 
304 14.0 36.0 1 222 225 
305 18.0 48.0 1 210 261 
306 18.0 44.0 1 210 267 
307 22.0 48.0 1 213 264 
308 22.0 44.0 1 213 267 
309 26.0 48.0 1 216 264 
310 28.0 46.0 1 216 277 
311 24.0 42.0 1 228 267 
312 28.0 42.0 1 228 277 
313 24.0 39.5 1 231 267 
314 28.0 39.5 1 231 277 
315 24.0 37.5 1 234 267 
316 26.0 37.5 1 234 237 
317 28.0 37.5 1 237 277 
318 12.0 49.0 1 252 261 
319 20.0 49.0 1 261 264 
320 28.0 49.0 1 264 278 
321 10.0 50.0 1 174 177 192 252 
322 50.0 11.5 1 176 251 
323 50.0 14.5 1 179 254 
324 50.0 18.0 1 182 254 
325 50.0 22.0 1 185 257 
326 50.0 26.0 1 188 257 
327 48.0 14.0 1 206 254 
328 44.0 14.0 1 206 209 
329 40.0 14.0 1 209 212 
330 36.0 14.0 1 212 215 
331 48.0 18.0 1 218 254 
332 44.0 18.0 1 218 266 
333 48.0 22.0 1 221 257 
334 44.0 22.0 1 221 266 
335 48.0 26.0 1 224 257 
336 46.0 28.0 1 224 279 
337 42.0 24.0 1 239 266 
338 42.0 28.0 1 239 279 
339 39.5 24.0 1 242 266 
340 39.5 28.0 1 242 279 
341 37.5 24.0 1 245 266 
342 37.5 26.0 1 245 248 
343 37.5 28.0 1 248 279 
344 49.0 12.0 1 251 254 
345 49.0 20.0 1 254 257 
346 49.0 28.0 1 257 280 
347 48.5 10.0 1 191 251 
348 45.5 10.0 1 194 260 
349 42.0 10.0 1 197 260 
350 38.0 10.0 1 200 263 
351 34.0 10.0 1 203 263 
352 46.0 12.0 1 206 260 
353 46.0 16.0 1 206 218 
354 46.0 20.0 1 218 221 
355 46.0 24.0 1 221 224 
356 42.0 12.0 1 209 260 
357 42.0 16.0 1 209 266 
358 38.0 12.0 1 212 263 
359 38.0 16.0 1 212 266 
360 34.0 12.0 1 215 263 
361 32.0 14.0 1 215 276 
362 36.0 18.0 1 227 266 
363 32.0 18.0 1 227 276 
364 36.0 20.5 1 230 266 
365 32.0 20.5 1 230 276 
366 36.0 22.5 1 233 266 
367 34.0 22.5 1 233 236 
368 32.0 22.5 1 236 276 
369 48.0 11.0 1 251 260 
370 40.0 11.0 1 260 263 
371 32.0 11.0 1 263 275 
372 50.0 10.0 1 173 176 191 251 
373 50.0 48.5 1 178 253 
374 50.0 45.5 1 181 256 
375 50.0 42.0 1 184 256 
376 50.0 38.0 1 187 259 
377 50.0 34.0 1 190 259 
378 48.0 46.0 1 208 256 
379 44.0 46.0 1 208 211 
380 40.0 46.0 1 211 214 
381 36.0 46.0 1 214 217 
382 48.0 42.0 1 220 256 
383 44.0 42.0 1 220 268 
384 48.0 38.0 1 223 259 
385 44.0 38.0 1 223 268 
386 48.0 34.0 1 226 259 
387 46.0 32.0 1 226 279 
388 42.0 36.0 1 241 268 
389 42.0 32.0 1 241 279 
390 39.5 36.0 1 244 268 
391 39.5 32.0 1 244 279 
392 37.5 36.0 1 247 268 
393 37.5 34.0 1 247 250 
394 37.5 32.0 1 250 279 
395 49.0 48.0 1 253 256 
396 49.0 40.0 1 256 259 
397 49.0 32.0 1 259 280 
398 48.5 50.0 1 193 253 
399 45.5 50.0 1 196 262 
400 42.0 50.0 1 199 262 
401 38.0 50.0 1 202 265 
402 34.0 50.0 1 205 265 
403 46.0 48.0 1 208 262 
404 46.0 44.0 1 208 220 
405 46.0 40.0 1 220 223 
406 46.0 36.0 1 223 226 
407 42.0 48.0 1 211 262 
408 42.0 44.0 1 211 268 
409 38.0 48.0 1 214 265 
410 38.0 44.0 1 214 268 
411 34.0 48.0 1 217 265 
412 32.0 46.0 1 217 277 
413 36.0 42.0 1 229 268 
414 32.0 42.0 1 229 277 
415 36.0 39.5 1 232 268 
416 32.0 39.5 1 232 277 
417 36.0 37.5 1 235 268 
418 34.0 37.5 1 235 238 
419 32.0 37.5 1 238 277 
420 48.0 49.0 1 253 262 
421 40.0 49.0 1 262 265 
422 32.0 49.0 1 265 278 
423 50.0 50.0 1 175 178 193 253 
424 5.0 30.0 1 269 
425 10.0 30.0 1 269 273 
426 30.0 5.0 1 270 
427 30.0 10.0 1 270 275 
428 30.0 50.0 1 271 278 
429 30.0 55.0 1 271 
430 50.0 30.0 1 272 280 
431 55.0 30.0 1 272 
432 12.0 30.0 1 273 274 
433 24.0 30.0 1 274 281 
434 30.0 12.0 1 275 276 
435 30.0 24.0 1 276 281 
436 30.0 36.0 1 277 281 
437 30.0 48.0 1 277 278 
438 36.0 30.0 1 279 281 
439 48.0 30.0 1 279 280 
440 10.0 11.5 2 283 308 
441 10.0 14.5 2 284 309 
442 10.0 18.0 2 285 309 
443 10.0 22.0 2 286 310 
444 10.0 26.0 2 287 310 
445 12.0 14.0 2 293 309 
446 16.0 14.0 2 293 294 
447 20.0 14.0 2 294 295 
448 24.0 14.0 2 295 296 
449 12.0 18.0 2 297 309 
450 16.0 18.0 2 297 313 
451 12.0 22.0 2 298 310 
452 16.0 22.0 2 298 313 
453 12.0 26.0 2 299 310 
454 14.0 28.0 2 299 415 
455 18.0 24.0 2 304 313 
456 18.0 28.0 2 304 415 
457 20.5 24.0 2 305 313 
458 20.5 28.0 2 305 415 
459 22.5 24.0 2 306 313 
460 22.5 26.0 2 306 307 
461 22.5 28.0 2 307 415 
462 11.0 12.0 2 308 309 
463 11.0 20.0 2 309 310 
464 11.0 28.0 2 310 414 
465 11.5 10.0 2 288 308 
466 14.5 10.0 2 289 311 
467 18.0 10.0 2 290 311 
468 22.0 10.0 2 291 312 
469 26.0 10.0 2 292 312 
470 14.0 12.0 2 293 311 
471 14.0 16.0 2 293 297 
472 14.0 20.0 2 297 298 
473 14.0 24.0 2 298 299 
474 18.0 12.0 2 294 311 
475 18.0 16.0 2 294 313 
476 22.0 12.0 2 295 312 
477 22.0 16.0 2 295 313 
478 26.0 12.0 2 296 312 
479 28.0 14.0 2 296 417 
480 24.0 18.0 2 300 313 
481 28.0 18.0 2 300 417 
482 24.0 20.5 2 301 313 
483 28.0 20.5 2 301 417 
484 24.0 22.5 2 302 313 
485 26.0 22.5 2 302 303 
486 28.0 22.5 2 303 417 
487 12.0 11.0 2 308 311 
488 20.0 11.0 2 311 312 
489 28.0 11.0 2 312 416 
490 10.0 10.0 2 282 283 288 308 
491 10.0 48.5 2 318 393 
492 10.0 45.5 2 321 396 
493 10.0 42.0 2 324 396 
494 10.0 38.0 2 327 399 
495 10.0 34.0 2 330 399 
496 12.0 46.0 2 348 396 
497 16.0 46.0 2 348 351 
498 20.0 46.0 2 351 354 
499 24.0 46.0 2 354 357 
500 12.0 42.0 2 360 396 
501 16.0 42.0 2 360 408 
502 12.0 38.0 2 363 399 
503 16.0 38.0 2 363 408 
504 12.0 34.0 2 366 399 
505 14.0 32.0 2 366 415 
506 18.0 36.0 2 381 408 
507 18.0 32.0 2 381 415 
508 20.5 36.0 2 384 408 
509 20.5 32.0 2 384 415 
510 22.5 36.0 2 387 408 
511 22.5 34.0 2 387 390 
512 22.5 32.0 2 390 415 
513 11.0 48.0 2 393 396 
514 11.0 40.0 2 396 399 
515 11.0 32.0 2 399 414 
516 11.5 50.0 2 333 393 
517 14.5 50.0 2 336 402 
518 18.0 50.0 2 339 402 
519 22.0 50.0 2 342 405 
520 26.0 50.0 2 345 405 
521 14.0 48.0 2 348 402 
522 14.0 44.0 2 348 360 
523 14.0 40.0 2 360 363 
524 14.0 36.0 2 363 366 
525 18.0 48.0 2 351 402 
526 18.0 44.0 2 351 408 
527 22.0 48.0 2 354 405 
528 22.0 44.0 2 354 408 
529 26.0 48.0 2 357 405 
530 28.0 46.0 2 357 418 
531 24.0 42.0 2 369 408 
532 28.0 42.0 2 369 418 
533 24.0 39.5 2 372 408 
534 28.0 39.5 2 372 418 
535 24.0 37.5 2 375 408 
536 26.0 37.5 2 375 378 
537 28.0 37.5 2 378 418 
538 12.0 49.0 2 393 402 
539 20.0 49.0 2 402 405 
540 28.0 49.0 2 405 419 
541 10.0 50.0 2 315 318 333 393 
542 50.0 11.5 2 317 392 
543 50.0 14.5 2 320 395 
544 50.0 18.0 2 323 395 
545 50.0 22.0 2 326 398 
546 50.0 26.0 2 329 398 
547 48.0 14.0 2 347 395 
548 44.0 14.0 2 347 350 
549 40.0 14.0 2 350 353 
550 36.0 14.0 2 353 356 
551 48.0 18.0 2 359 395 
552 44.0 18.0 2 359 407 
553 48.0 22.0 2 362 398 
554 44.0 22.0 2 362 407 
555 48.0 26.0 2 365 398 
556 46.0 28.0 2 365 420 
557 42.0 24.0 2 380 407 
558 42.0 28.0 2 380 420 
559 39.5 24.0 2 383 407 
560 39.5 28.0 2 383 420 
561 37.5 24.0 2 386 407 
562 37.5 26.0 2 386 389 
563 37.5 28.0 2 389 420 
564 49.0 12.0 2 392 395 
565 49.0 20.0 2 395 398 
566 49.0 28.0 2 398 421 
567 48.5 10.0 2 332 392 
568 45.5 10.0 2 335 401 
569 42.0 10.0 2 338 401 
570 38.0 10.0 2 341 404 
571 34.0 10.0 2 344 404 
572 46.0 12.0 2 347 401 
573 46.0 16.0 2 347 359 
574 46.0 20.0 2 359 362 
575 46.0 24.0 2 362 365 
576 42.0 12.0 2 350 401 
577 42.0 16.0 2 350 407 
578 38.0 12.0 2 353 404 
579 38.0 16.0 2 353 407 
580 34.0 12.0 2 356 404 
581 32.0 14.0 2 356 417 
582 36.0 18.0 2 368 407 
583 32.0 18.0 2 368 417 
584 36.0 20.5 2 371 407 
585 32.0 20.5 2 371 417 
586 36.0 22.5 2 374 407 
587 34.0 22.5 2 374 377 
588 32.0 22.5 2 377 417 
589 48.0 11.0 2 392 401 
590 40.0 11.0 2 401 404 
591 32.0 11.0 2 404 416 
592 50.0 10.0 2 314 317 332 392 
593 50.0 48.5 2 319 394 
594 50.0 45.5 2 322 397 
595 50.0 42.0 2 325 397 
596 50.0 38.0 2 328 400 
597 50.0 34.0 2 331 400 
598 48.0 46.0 2 349 397 
599 44.0 46.0 2 349 352 
600 40.0 46.0 2 352 355 
601 36.0 46.0 2 355 358 
602 48.0 42.0 2 361 397 
603 44.0 42.0 2 361 409 
604 48.0 38.0 2 364 400 
605 44.0 38.0 2 364 409 
606 48.0 34.0 2 367 400 
607 46.0 32.0 2 367 420 
608 42.0 36.0 2 382 409 
609 42.0 32.0 2 382 420 
610 39.5 36.0 2 385 409 
611 39.5 32.0 2 385 420 
612 37.5 36.0 2 388 409 
613 37.5 34.0 2 388 391 
614 37.5 32.0 2 391 420 
615 49.0 48.0 2 394 397 
616 49.0 40.0 2 397 400 
617 49.0 32.0 2 400 421 
618 48.5 50.0 2 334 394 
619 45.5 50.0 2 337 403 
620 42.0 50.0 2 340 403 
621 38.0 50.0 2 343 406 
622 34.0 50.0 2 346 406 
623 46.0 48.0 2 349 403 
624 46.0 44.0 2 349 361 
625 46.0 40.0 2 361 364 
626 46.0 36.0 2 364 367 
627 42.0 48.0 2 352 403 
628 42.0 44.0 2 352 409 
629 38.0 48.0 2 355 406 
630 38.0 44.0 2 355 409 
631 34.0 48.0 2 358 406 
632 32.0 46.0 2 358 418 
633 36.0 42.0 2 370 409 
634 32.0 42.0 2 370 418 
635 36.0 39.5 2 373 409 
636 32.0 39.5 2 373 418 
637 36.0 37.5 2 376 409 
638 34.0 37.5 2 376 379 
639 32.0 37.5 2 379 418 
640 48.0 49.0 2 394 403 
641 40.0 49.0 2 403 406 
642 32.0 49.0 2 406 419 
643 50.0 50.0 2 316 319 334 394 
644 5.0 30.0 2 410 
645 10.0 30.0 2 410 414 
646 30.0 5.0 2 411 
647 30.0 10.0 2 411 416 
648 30.0 50.0 2 412 419 
649 30.0 55.0 2 412 
650 50.0 30.0 2 413 421 
651 55.0 30.0 2 413 
652 12.0 30.0 2 414 415 
653 24.0 30.0 2 415 422 
654 30.0 12.0 2 416 417 
655 30.0 24.0 2 417 422 
656 30.0 36.0 2 418 422 
657 30.0 48.0 2 418 419 
658 36.0 30.0 2 420 422 
659 48.0 30.0 2 420 421 
660 10.0 11.5 3 424 449 
661 10.0 14.5 3 425 450 
662 10.0 18.0 3 426 450 
663 10.0 22.0 3 427 451 
664 10.0 26.0 3 428 451 
665 12.0 14.0 3 434 450 
666 16.0 14.0 3 434 435 
667 20.0 14.0 3 435 436 
668 24.0 14.0 3 436 437 
669 12.0 18.0 3 438 450 
670 16.0 18.0 3 438 454 
671 12.0 22.0 3 439 451 
672 16.0 22.0 3 439 454 
673 12.0 26.0 3 440 451 
674 14.0 28.0 3 440 556 
675 18.0 24.0 3 445 454 
676 18.0 28.0 3 445 556 
677 20.5 24.0 3 446 454 
678 20.5 28.0 3 446 556 
679 22.5 24.0 3 447 454 
680 22.5 26.0 3 447 448 
681 22.5 28.0 3 448 556 
682 11.0 12.0 3 449 450 
683 11.0 20.0 3 450 451 
684 11.0 28.0 3 451 555 
685 11.5 10.0 3 429 449 
686 14.5 10.0 3 430 452 
687 18.0 10.0 3 431 452 
688 22.0 10.0 3 432 453 
689 26.0 10.0 3 433 453 
690 14.0 12.0 3 434 452 
691 14.0 16.0 3 434 438 
692 14.0 20.0 3 438 439 
693 14.0 24.0 3 439 440 
694 18.0 12.0 3 435 452 
695 18.0 16.0 3 435 454 
696 22.0 12.0 3 436 453 
697 22.0 16.0 3 436 454 
698 26.0 12.0 3 437 453 
699 28.0 14.0 3 437 558 
700 24.0 18.0 3 441 454 
701 28.0 18.0 3 441 558 
702 24.0 20.5 3 442 454 
703 28.0 20.5 3 442 558 
704 24.0 22.5 3 443 454 
705 26.0 22.5 3 443 444 
706 28.0 22.5 3 444 558 
707 12.0 11.0 3 449 452 
708 20.0 11.0 3 452 453 
709 28.0 11.0 3 453 557 
710 10.0 10.0 3 423 424 429 449 
711 10.0 48.5 3 459 534 
712 10.0 45.5 3 462 537 
713 10.0 42.0 3 465 537 
714 10.0 38.0 3 468 540 
715 10.0 34.0 3 471 540 
716 12.0 46.0 3 489 537 
717 16.0 46.0 3 489 492 
718 20.0 46.0 3 492 495 
719 24.0 46.0 3 495 498 
720 12.0 42.0 3 501 537 
721 16.0 42.0 3 501 549 
722 12.0 38.0 3 504 540 
723 16.0 38.0 3 504 549 
724 12.0 34.0 3 507 540 
725 14.0 32.0 3 507 556 
726 18.0 36.0 3 522 549 
727 18.0 32.0 3 522 556 
728 20.5 36.0 3 525 549 
729 20.5 32.0 3 525 556 
730 22.5 36.0 3 528 549 
731 22.5 34.0 3 528 531 
732 22.5 32.0 3 531 556 
733 11.0 48.0 3 534 537 
734 11.0 40.0 3 537 540 
735 11.0 32.0 3 540 555 
736 11.5 50.0 3 474 534 
737 14.5 50.0 3 477 543 
738 18.0 50.0 3 480 543 
739 22.0 50.0 3 483 546 
740 26.0 50.0 3 486 546 
741 14.0 48.0 3 489 543 
742 14.0 44.0 3 489 501 
743 14.0 40.0 3 501 504 
744 14.0 36.0 3 504 507 
745 18.0 48.0 3 492 543 
746 18.0 44.0 3 492 549 
747 22.0 48.0 3 495 546 
748 22.0 44.0 3 495 549 
749 26.0 48.0 3 498 546 
750 28.0 46.0 3 498 559 
751 24.0 42.0 3 510 549 
752 28.0 42.0 3 510 559 
753 24.0 39.5 3 513 549 
754 28.0 39.5 3 513 559 
755 24.0 37.5 3 516 549 
756 26.0 37.5 3 516 519 
757 28.0 37.5 3 519 559 
758 12.0 49.0 3 534 543 
759 20.0 49.0 3 543 546 
760 28.0 49.0 3 546 560 
761 10.0 50.0 3 456 459 474 534 
762 50.0 11.5 3 458 533 
763 50.0 14.5 3 461 536 
764 50.0 18.0 3 464 536 
765 50.0 22.0 3 467 539 
766 50.0 26.0 3 470 539 
767 48.0 14.0 3 488 536 
768 44.0 14.0 3 488 491 
769 40.0 14.0 3 491 494 
770 36.0 14.0 3 494 497 
771 48.0 18.0 3 500 536 
772 44.0 18.0 3 500 548 
773 48.0 22.0 3 503 539 
774 44.0 22.0 3 503 548 
775 48.0 26.0 3 506 539 
776 46.0 28.0 3 506 561 
777 42.0 24.0 3 521 548 
778 42.0 28.0 3 521 561 
779 39.5 24.0 3 524 548 
780 39.5 28.0 3 524 561 
781 37.5 24.0 3 527 548 
782 37.5 26.0 3 527 530 
783 37.5 28.0 3 530 561 
784 49.0 12.0 3 533 536 
785 49.0 20.0 3 536 539 
786 49.0 28.0 3 539 562 
787 48.5 10.0 3 473 533 
788 45.5 10.0 3 476 542 
789 42.0 10.0 3 479 542 
790 38.0 10.0 3 482 545 
791 34.0 10.0 3 485 545 
792 46.0 12.0 3 488 542 
793 46.0 16.0 3 488 500 
794 46.0 20.0 3 500 503 
795 46.0 24.0 3 503 506 
796 42.0 12.0 3 491 542 
797 42.0 16.0 3 491 548 
798 38.0 12.0 3 494 545 
799 38.0 16.0 3 494 548 
800 34.0 12.0 3 497 545 
801 32.0 14.0 3 497 558 
802 36.0 18.0 3 509 548 
803 32.0 18.0 3 509 558 
804 36.0 20.5 3 512 548 
805 32.0 20.5 3 512 558 
806 36.0 22.5 3 515 548 
807 34.0 22.5 3 515 518 
808 32.0 22.5 3 518 558 
809 48.0 11.0 3 533 542 
810 40.0 11.0 3 542 545 
811 32.0 11.0 3 545 557 
812 50.0 10.0 3 455 458 473 533 
813 50.0 48.5 3 460 535 
814 50.0 45.5 3 463 538 
815 50.0 42.0 3 466 538 
816 50.0 38.0 3 469 541 
817 50.0 34.0 3 472 541 
818 48.0 46.0 3 490 538 
819 44.0 46.0 3 490 493 
820 40.0 46.0 3 493 496 
821 36.0 46.0 3 496 499 
822 48.0 42.0 3 502 538 
823 44.0 42.0 3 502 550 
824 48.0 38.0 3 505 541 
825 44.0 38.0 3 505 550 
826 48.0 34.0 3 508 541 
827 46.0 32.0 3 508 561 
828 42.0 36.0 3 523 550 
829 42.0 32.0 3 523 561 
830 39.5 36.0 3 526 550 
831 39.5 32.0 3 526 561 
832 37.5 36.0 3 529 550 
833 37.5 34.0 3 529 532 
834 37.5 32.0 3 532 561 
835 49.0 48.0 3 535 538 
836 49.0 40.0 3 538 541 
837 49.0 32.0 3 541 562 
838 48.5 50.0 3 475 535 
839 45.5 50.0 3 478 544 
840 42.0 50.0 3 481 544 
841 38.0 50.0 3 484 547 
842 34.0 50.0 3 487 547 
843 46.0 48.0 3 490 544 
844 46.0 44.0 3 490 502 
845 46.0 40.0 3 502 505 
846 46.0 36.0 3 505 508 
847 42.0 48.0 3 493 544 
848 42.0 44.0 3 493 550 
849 38.0 48.0 3 496 547 
850 38.0 44.0 3 496 550 
851 34.0 48.0 3 499 547 
852 32.0 46.0 3 499 559 
853 36.0 42.0 3 511 550 
854 32.0 42.0 3 511 559 
855 36.0 39.5 3 514 550 
856 32.0 39.5 3 514 559 
857 36.0 37.5 3 517 550 
858 34.0 37.5 3 517 520 
859 32.0 37.5 3 520 559 
860 48.0 49.0 3 535 544 
861 40.0 49.0 3 544 547 
862 32.0 49.0 3 547 560 
863 50.0 50.0 3 457 460 475 535 
864 5.0 30.0 3 551 
865 10.0 30.0 3 551 555 
866 30.0 5.0 3 552 
867 30.0 10.0 3 552 557 
868 30.0 50.0 3 553 560 
869 30.0 55.0 3 553 
870 50.0 30.0 3 554 562 
871 55.0 30.0 3 554 
872 12.0 30.0 3 555 556 
873 24.0 30.0 3 556 563 
874 30.0 12.0 3 557 558 
875 30.0 24.0 3 558 563 
876 30.0 36.0 3 559 563 
877 30.0 48.0 3 559 560 
878 36.0 30.0 3 561 563 
879 48.0 30.0 3 561 562 
880 10.0 11.5 4 565 590 
881 10.0 14.5 4 566 591 
882 10.0 18.0 4 567 591 
883 10.0 22.0 4 568 592 
884 10.0 26.0 4 569 592 
885 12.0 14.0 4 575 591 
886 16.0 14.0 4 575 576 
887 20.0 14.0 4 576 577 
888 24.0 14.0 4 577 578 
889 12.0 18.0 4 579 591 
890 16.0 18.0 4 579 595 
891 12.0 22.0 4 580 592 
892 16.0 22.0 4 580 595 
893 12.0 26.0 4 581 592 
894 14.0 28.0 4 581 697 
895 18.0 24.0 4 586 595 
896 18.0 28.0 4 586 697 
897 20.5 24.0 4 587 595 
898 20.5 28.0 4 587 697 
899 22.5 24.0 4 588 595 
900 22.5 26.0 4 588 589 
901 22.5 28.0 4 589 697 
902 11.0 12.0 4 590 591 
903 11.0 20.0 4 591 592 
904 11.0 28.0 4 592 696 
905 11.5 10.0 4 570 590 
906 14.5 10.0 4 571 593 
907 18.0 10.0 4 572 593 
908 22.0 10.0 4 573 594 
909 26.0 10.0 4 574 594 
910 14.0 12.0 4 575 593 
911 14.0 16.0 4 575 579 
912 14.0 20.0 4 579 580 
913 14.0 24.0 4 580 581 
914 18.0 12.0 4 576 593 
915 18.0 16.0 4 576 595 
916 22.0 12.0 4 577 594 
917 22.0 16.0 4 577 595 
918 26.0 12.0 4 578 594 
919 28.0 14.0 4 578 699 
920 24.0 18.0 4 582 595 
921 28.0 18.0 4 582 699 
922 24.0 20.5 4 583 595 
923 28.0 20.5 4 583 699 
924 24.0 22.5 4 584 595 
925 26.0 22.5 4 584 585 
926 28.0 22.5 4 585 699 
927 12.0 11.0 4 590 593 
928 20.0 11.0 4 593 594 
929 28.0 11.0 4 594 698 
930 10.0 10.0 4 564 565 570 590 
931 10.0 48.5 4 600 675 
932 10.0 45.5 4 603 678 
933 10.0 42.0 4 606 678 
934 10.0 38.0 4 609 681 
935 10.0 34.0 4 612 681 
936 12.0 46.0 4 630 678 
937 16.0 46.0 4 630 633 
938 20.0 46.0 4 633 636 
939 24.0 46.0 4 636 639 
940 12.0 42.0 4 642 678 
941 16.0 42.0 4 642 690 
942 12.0 38.0 4 645 681 
943 16.0 38.0 4 645 690 
944 12.0 34.0 4 648 681 
945 14.0 32.0 4 648 697 
946 18.0 36.0 4 663 690 
947 18.0 32.0 4 663 697 
948 20.5 36.0 4 666 690 
949 20.5 32.0 4 666 697 
950 22.5 36.0 4 669 690 
951 22.5 34.0 4 669 672 
952 22.5 32.0 4 672 697 
953 11.0 48.0 4 675 678 
954 11.0 40.0 4 678 681 
955 11.0 32.0 4 681 696 
956 11.5 50.0 4 615 675 
957 14.5 50.0 4 618 684 
958 18.0 50.0 4 621 684 
959 22.0 50.0 4 624 687 
960 26.0 50.0 4 627 687 
961 14.0 48.0 4 630 684 
962 14.0 44.0 4 630 642 
963 14.0 40.0 4 642 645 
964 14.0 36.0 4 645 648 
965 18.0 48.0 4 633 684 
966 18.0 44.0 4 633 690 
967 22.0 48.0 4 636 687 
968 22.0 44.0 4 636 690 
969 26.0 48.0 4 639 687 
970 28.0 46.0 4 639 700 
971 24.0 42.0 4 651 690 
972 28.0 42.0 4 651 700 
973 24.0 39.5 4 654 690 
974 28.0 39.5 4 654 700 
975 24.0 37.5 4 657 690 
976 26.0 37.5 4 657 660 
977 28.0 37.5 4 660 700 
978 12.0 49.0 4 675 684 
979 20.0 49.0 4 684 687 
980 28.0 49.0 4 687 701 
981 10.0 50.0 4 597 600 615 675 
982 50.0 11.5 4 599 674 
983 50.0 14.5 4 602 677 
984 50.0 18.0 4 605 677 
985 50.0 22.0 4 608 680 
986 50.0 26.0 4 611 680 
987 48.0 14.0 4 629 677 
988 44.0 14.0 4 629 632 
989 40.0 14.0 4 632 635 
990 36.0 14.0 4 635 638 
991 48.0 18.0 4 641 677 
992 44.0 18.0 4 641 689 
993 48.0 22.0 4 644 680 
994 44.0 22.0 4 644 689 
995 48.0 26.0 4 647 680 
996 46.0 28.0 4 647 702 
997 42.0 24.0 4 662 689 
998 42.0 28.0 4 662 702 
999 39.5 24.0 4 665 689 
1000 39.5 28.0 4 665 702 
1001 37.5 24.0 4 668 689 
1002 37.5 26.0 4 668 671 
1003 37.5 28.0 4 671 702 
1004 49.0 12.0 4 674 677 
1005 49.0 20.0 4 677 680 
1006 49.0 28.0 4 680 703 
1007 48.5 10.0 4 614 674 
1008 45.5 10.0 4 617 683 
1009 42.0 10.0 4 620 683 
1010 38.0 10.0 4 623 686 
1011 34.0 10.0 4 626 686 
1012 46.0 12.0 4 629 683 
1013 46.0 16.0 4 629 641 
1014 46.0 20.0 4 641 644 
1015 46.0 24.0 4 644 647 
1016 42.0 12.0 4 632 683 
1017 42.0 16.0 4 632 689 
1018 38.0 12.0 4 635 686 
1019 38.0 16.0 4 635 689 
1020 34.0 12.0 4 638 686 
1021 32.0 14.0 4 638 699 
1022 36.0 18.0 4 650 689 
1023 32.0 18.0 4 650 699 
1024 36.0 20.5 4 653 689 
1025 32.0 20.5 4 653 699 
1026 36.0 22.5 4 656 689 
1027 34.0 22.5 4 656 659 
1028 32.0 22.5 4 659 699 
1029 48.0 11.0 4 674 683 
1030 40.0 11.0 4 683 686 
1031 32.0 11.0 4 686 698 
1032 50.0 10.0 4 596 599 614 674 
1033 50.0 48.5 4 601 676 
1034 50.0 45.5 4 604 679 
1035 50.0 42.0 4 607 679 
1036 50.0 38.0 4 610 682 
1037 50.0 34.0 4 613 682 
1038 48.0 46.0 4 631 679 
1039 44.0 46.0 4 631 634 
1040 40.0 46.0 4 634 637 
1041 36.0 46.0 4 637 640 
1042 48.0 42.0 4 643 679 
1043 44.0 42.0 4 643 691 
1044 48.0 38.0 4 646 682 
1045 44.0 38.0 4 646 691 
1046 48.0 34.0 4 649 682 
1047 46.0 32.0 4 649 702 
1048 42.0 36.0 4 664 691 
1049 42.0 32.0 4 664 702 
1050 39.5 36.0 4 667 691 
1051 39.5 32.0 4 667 702 
1052 37.5 36.0 4 670 691 
1053 37.5 34.0 4 670 673 
1054 37.5 32.0 4 673 702 
1055 49.0 48.0 4 676 679 
1056 49.0 40.0 4 679 682 
1057 49.0 32.0 4 682 703 
1058 48.5 50.0 4 616 676 
1059 45.5 50.0 4 619 685 
1060 42.0 50.0 4 622 685 
1061 38.0 50.0 4 625 688 
1062 34.0 50.0 4 628 688 
1063 46.0 48.0 4 631 685 
1064 46.0 44.0 4 631 643 
1065 46.0 40.0 4 643 646 
1066 46.0 36.0 4 646 649 
1067 42.0 48.0 4 634 685 
1068 42.0 44.0 4 634 691 
1069 38.0 48.0 4 637 688 
1070 38.0 44.0 4 637 691 
1071 34.0 48.0 4 640 688 
1072 32.0 46.0 4 640 700 
1073 36.0 42.0 4 652 691 
1074 32.0 42.0 4 652 700 
1075 36.0 39.5 4 655 691 
1076 32.0 39.5 4 655 700 
1077 36.0 37.5 4 658 691 
1078 34.0 37.5 4 658 661 
1079 32.0 37.5 4 661 700 
1080 48.0 49.0 4 676 685 
1081 40.0 49.0 4 685 688 
1082 32.0 49.0 4 688 701 
1083 50.0 50.0 4 598 601 616 676 
1084 5.0 30.0 4 692 
1085 10.0 30.0 4 692 696 
1086 30.0 5.0 4 693 
1087 30.0 10.0 4 693 698 
1088 30.0 50.0 4 694 701 
1089 30.0 55.0 4 694 
1090 50.0 30.0 4 695 703 
1091 55.0 30.0 4 695 
1092 12.0 30.0 4 696 697 
1093 24.0 30.0 4 697 704 
1094 30.0 12.0 4 698 699 
1095 30.0 24.0 4 699 704 
1096 30.0 36.0 4 700 704 
1097 30.0 48.0 4 700 701 
1098 36.0 30.0 4 702 704 
1099 48.0 30.0 4 702 703 
1100 10.0 11.5 5 706 731 
1101 10.0 14.5 5 707 732 
1102 10.0 18.0 5 708 732 
1103 10.0 22.0 5 709 733 
1104 10.0 26.0 5 710 733 
1105 12.0 14.0 5 716 732 
1106 16.0 14.0 5 716 717 
1107 20.0 14.0 5 717 718 
1108 24.0 14.0 5 718 719 
1109 12.0 18.0 5 720 732 
1110 16.0 18.0 5 720 736 
1111 12.0 22.0 5 721 733 
1112 16.0 22.0 5 721 736 
1113 12.0 26.0 5 722 733 
1114 14.0 28.0 5 722 838 
1115 18.0 24.0 5 727 736 
1116 18.0 28.0 5 727 838 
1117 20.5 24.0 5 728 736 
1118 20.5 28.0 5 728 838 
1119 22.5 24.0 5 729 736 
1120 22.5 26.0 5 729 730 
1121 22.5 28.0 5 730 838 
1122 11.0 12.0 5 731 732 
1123 11.0 20.0 5 732 733 
1124 11.0 28.0 5 733 837 
1125 11.5 10.0 5 711 731 
1126 14.5 10.0 5 712 734 
1127 18.0 10.0 5 713 734 
1128 22.0 10.0 5 714 735 
1129 26.0 10.0 5 715 735 
1130 14.0 12.0 5 716 734 
1131 14.0 16.0 5 716 720 
1132 14.0 20.0 5 720 721 
1133 14.0 24.0 5 721 722 
1134 18.0 12.0 5 717 734 
1135 18.0 16.0 5 717 736 
1136 22.0 12.0 5 718 735 
1137 22.0 16.0 5 718 736 
1138 26.0 12.0 5 719 735 
1139 28.0 14.0 5 719 840 
1140 24.0 18.0 5 723 736 
1141 28.0 18.0 5 723 840 
1142 24.0 20.5 5 724 736 
1143 28.0 20.5 5 724 840 
1144 24.0 22.5 5 725 736 
1145 26.0 22.5 5 725 726 
1146 28.0 22.5 5 726 840 
1147 12.0 11.0 5 731 734 
1148 20.0 11.0 5 734 735 
1149 28.0 11.0 5 735 839 
1150 10.0 10.0 5 705 706 711 731 
1151 10.0 48.5 5 741 816 
1152 10.0 45.5 5 744 819 
1153 10.0 42.0 5 747 819 
1154 10.0 38.0 5 750 822 
1155 10.0 34.0 5 753 822 
1156 12.0 46.0 5 771 819 
1157 16.0 46.0 5 771 774 
1158 20.0 46.0 5 774 777 
1159 24.0 46.0 5 777 780 
1160 12.0 42.0 5 783 819 
1161 16.0 42.0 5 783 831 
1162 12.0 38.0 5 786 822 
1163 16.0 38.0 5 786 831 
1164 12.0 34.0 5 789 822 
1165 14.0 32.0 5 789 838 
1166 18.0 36.0 5 804 831 
1167 18.0 32.0 5 804 838 
1168 20.5 36.0 5 807 831 
1169 20.5 32.0 5 807 838 
1170 22.5 36.0 5 810 831 
1171 22.5 34.0 5 810 813 
1172 22.5 32.0 5 813 838 
1173 11.0 48.0 5 816 819 
1174 11.0 40.0 5 819 822 
1175 11.0 32.0 5 822 837 
1176 11.5 50.0 5 756 816 
1177 14.5 50.0 5 759 825 
1178 18.0 50.0 5 762 825 
1179 22.0 50.0 5 765 828 
1180 26.0 50.0 5 768 828 
1181 14.0 48.0 5 771 825 
1182 14.0 44.0 5 771 783 
1183 14.0 40.0 5 783 786 
1184 14.0 36.0 5 786 789 
1185 18.0 48.0 5 774 825 
1186 18.0 44.0 5 774 831 
1187 22.0 48.0 5 777 828 
1188 22.0 44.0 5 777 831 
1189 26.0 48.0 5 780 828 
1190 28.0 46.0 5 780 841 
1191 24.0 42.0 5 792 831 
1192 28.0 42.0 5 792 841 
1193 24.0 39.5 5 795 831 
1194 28.0 39.5 5 795 841 
1195 24.0 37.5 5 798 831 
1196 26.0 37.5 5 798 801 
1197 28.0 37.5 5 801 841 
1198 12.0 49.0 5 816 825 
1199 20.0 49.0 5 825 828 
1200 28.0 49.0 5 828 842 
1201 10.0 50.0 5 738 741 756 816 
1202 50.0 11.5 5 740 815 
1203 50.0 14.5 5 743 818 
1204 50.0 18.0 5 746 818 
1205 50.0 22.0 5 749 821 
1206 50.0 26.0 5 752 821 
1207 48.0 14.0 5 770 818 
1208 44.0 14.0 5 770 773 
1209 40.0 14.0 5 773 776 
1210 36.0 14.0 5 776 779 
1211 48.0 18.0 5 782 818 
1212 44.0 18.0 5 782 830 
1213 48.0 22.0 5 785 821 
1214 44.0 22.0 5 785 830 
1215 48.0 26.0 5 788 821 
1216 46.0 28.0 5 788 843 
1217 42.0 24.0 5 803 830 
1218 42.0 28.0 5 803 843 
1219 39.5 24.0 5 806 830 
1220 39.5 28.0 5 806 843 
1221 37.5 24.0 5 809 830 
1222 37.5 26.0 5 809 812 
1223 37.5 28.0 5 812 843 
1224 49.0 12.0 5 815 818 
1225 49.0 20.0 5 818 821 
1226 49.0 28.0 5 821 844 
1227 48.5 10.0 5 755 815 
1228 45.5 10.0 5 758 824 
1229 42.0 10.0 5 761 824 
1230 38.0 10.0 5 764 827 
1231 34.0 10.0 5 767 827 
1232 46.0 12.0 5 770 824 
1233 46.0 16.0 5 770 782 
1234 46.0 20.0 5 782 785 
1235 46.0 24.0 5 785 788 
1236 42.0 12.0 5 773 824 
1237 42.0 16.0 5 773 830 
1238 38.0 12.0 5 776 827 
1239 38.0 16.0 5 776 830 
1240 34.0 12.0 5 779 827 
1241 32.0 14.0 5 779 840 
1242 36.0 18.0 5 791 830 
1243 32.0 18.0 5 791 840 
1244 36.0 20.5 5 794 830 
1245 32.0 20.5 5 794 840 
1246 36.0 22.5 5 797 830 
1247 34.0 22.5 5 797 800 
1248 32.0 22.5 5 800 840 
1249 48.0 11.0 5 815 824 
1250 40.0 11.0 5 824 827 
1251 32.0 11.0 5 827 839 
1252 50.0 10.0 5 737 740 755 815 
1253 50.0 48.5 5 742 817 
1254 50.0 45.5 5 745 820 
1255 50.0 42.0 5 748 820 
1256 50.0 38.0 5 751 823 
1257 50.0 34.0 5 754 823 
1258 48.0 46.0 5 772 820 
1259 44.0 46.0 5 772 775 
1260 40.0 46.0 5 775 778 
1261 36.0 46.0 5 778 781 
1262 48.0 42.0 5 784 820 
1263 44.0 42.0 5 784 832 
1264 48.0 38.0 5 787 823 
1265 44.0 38.0 5 787 832 
1266 48.0 34.0 5 790 823 
1267 46.0 32.0 5 790 843 
1268 42.0 36.0 5 805 832 
1269 42.0 32.0 5 805 843 
1270 39.5 36.0 5 808 832 
1271 39.5 32.0 5 808 843 
1272 37.5 36.0 5 811 832 
1273 37.5 34.0 5 811 814 
1274 37.5 32.0 5 814 843 
1275 49.0 48.0 5 817 820 
1276 49.0 40.0 5 820 823 
1277 49.0 32.0 5 823 844 
1278 48.5 50.0 5 757 817 
1279 45.5 50.0 5 760 826 
1280 42.0 50.0 5 763 826 
1281 38.0 50.0 5 766 829 
1282 34.0 50.0 5 769 829 
1283 46.0 48.0 5 772 826 
1284 46.0 44.0 5 772 784 
1285 46.0 40.0 5 784 787 
1286 46.0 36.0 5 787 790 
1287 42.0 48.0 5 775 826 
1288 42.0 44.0 5 775 832 
1289 38.0 48.0 5 778 829 
1290 38.0 44.0 5 778 832 
1291 34.0 48.0 5 781 829 
1292 32.0 46.0 5 781 841 
1293 36.0 42.0 5 793 832 
1294 32.0 42.0 5 793 841 
1295 36.0 39.5 5 796 832 
1296 32.0 39.5 5 796 841 
1297 36.0 37.5 5 799 832 
1298 34.0 37.5 5 799 802 
1299 32.0 37.5 5 802 841 
1300 48.0 49.0 5 817 826 
1301 40.0 49.0 5 826 829 
1302 32.0 49.0 5 829 842 
1303 50.0 50.0 5 739 742 757 817 
1304 5.0 30.0 5 833 
1305 10.0 30.0 5 833 837 
1306 30.0 5.0 5 834 
1307 30.0 10.0 5 834 839 
1308 30.0 50.0 5 835 842 
1309 30.0 55.0 5 835 
1310 50.0 30.0 5 836 844 
1311 55.0 30.0 5 836 
1312 12.0 30.0 5 837 838 
1313 24.0 30.0 5 838 845 
1314 30.0 12.0 5 839 840 
1315 30.0 24.0 5 840 845 
1316 30.0 36.0 5 841 845 
1317 30.0 48.0 5 841 842 
1318 36.0 30.0 5 843 845 
1319 48.0 30.0 5 843 844 
1320 10.0 11.5 6 847 872 
1321 10.0 14.5 6 848 873 
1322 10.0 18.0 6 849 873 
1323 10.0 22.0 6 850 874 
1324 10.0 26.0 6 851 874 
1325 12.0 14.0 6 857 873 
1326 16.0 14.0 6 857 858 
1327 20.0 14.0 6 858 859 
1328 24.0 14.0 6 859 860 
1329 12.0 18.0 6 861 873 
1330 16.0 18.0 6 861 877 
1331 12.0 22.0 6 862 874 
1332 16.0 22.0 6 862 877 
1333 12.0 26.0 6 863 874 
1334 14.0 28.0 6 863 979 
1335 18.0 24.0 6 868 877 
1336 18.0 28.0 6 868 979 
1337 20.5 24.0 6 869 877 
1338 20.5 28.0 6 869 979 
1339 22.5 24.0 6 870 877 
1340 22.5 26.0 6 870 871 
1341 22.5 28.0 6 871 979 
1342 11.0 12.0 6 872 873 
1343 11.0 20.0 6 873 874 
1344 11.0 28.0 6 874 978 
1345 11.5 10.0 6 852 872 
1346 14.5 10.0 6 853 875 
1347 18.0 10.0 6 854 875 
1348 22.0 10.0 6 855 876 
1349 26.0 10.0 6 856 876 
1350 14.0 12.0 6 857 875 
1351 14.0 16.0 6 857 861 
1352 14.0 20.0 6 861 862 
1353 14.0 24.0 6 862 863 
1354 18.0 12.0 6 858 875 
1355 18.0 16.0 6 858 877 
1356 22.0 12.0 6 859 876 
1357 22.0 16.0 6 859 877 
1358 26.0 12.0 6 860 876 
1359 28.0 14.0 6 860 981 
1360 24.0 18.0 6 864 877 
1361 28.0 18.0 6 864 981 
1362 24.0 20.5 6 865 877 
1363 28.0 20.5 6 865 981 
1364 24.0 22.5 6 866 877 
1365 26.0 22.5 6 866 867 
1366 28.0 22.5 6 867 981 
1367 12.0 11.0 6 872 875 
1368 20.0 11.0 6 875 876 
1369 28.0 11.0 6 876 980 
1370 10.0 10.0 6 846 847 852 872 
1371 10.0 48.5 6 882 957 
1372 10.0 45.5 6 885 960 
1373 10.0 42.0 6 888 960 
1374 10.0 38.0 6 891 963 
1375 10.0 34.0 6 894 963 
1376 12.0 46.0 6 912 960 
1377 16.0 46.0 6 912 915 
1378 20.0 46.0 6 915 918 
1379 24.0 46.0 6 918 921 
1380 12.0 42.0 6 924 960 
1381 16.0 42.0 6 924 972 
1382 12.0 38.0 6 927 963 
1383 16.0 38.0 6 927 972 
1384 12.0 34.0 6 930 963 
1385 14.0 32.0 6 930 979 
1386 18.0 36.0 6 945 972 
1387 18.0 32.0 6 945 979 
1388 20.5 36.0 6 948 972 
1389 20.5 32.0 6 948 979 
1390 22.5 36.0 6 951 972 
1391 22.5 34.0 6 951 954 
1392 22.5 32.0 6 954 979 
1393 11.0 48.0 6 957 960 
1394 11.0 40.0 6 960 963 
1395 11.0 32.0 6 963 978 
1396 11.5 50.0 6 897 957 
1397 14.5 50.0 6 900 966 
1398 18.0 50.0 6 903 966 
1399 22.0 50.0 6 906 969 
1400 26.0 50.0 6 909 969 
1401 14.0 48.0 6 912 966 
1402 14.0 44.0 6 912 924 
1403 14.0 40.0 6 924 927 
1404 14.0 36.0 6 927 930 
1405 18.0 48.0 6 915 966 
1406 18.0 44.0 6 915 972 
1407 22.0 48.0 6 918 969 
1408 22.0 44.0 6 918 972 
1409 26.0 48.0 6 921 969 
1410 28.0 46.0 6 921 982 
1411 24.0 42.0 6 933 972 
1412 28.0 42.0 6 933 982 
1413 24.0 39.5 6 936 972 
1414 28.0 39.5 6 936 982 
1415 24.0 37.5 6 939 972 
1416 26.0 37.5 6 939 942 
1417 28.0 37.5 6 942 982 
1418 12.0 49.0 6 957 966 
1419 20.0 49.0 6 966 969 
1420 28.0 49.0 6 969 983 
1421 10.0 50.0 6 879 882 897 957 
1422 50.0 11.5 6 881 956 
1423 50.0 14.5 6 884 959 
1424 50.0 18.0 6 887 959 
1425 50.0 22.0 6 890 962 
1426 50.0 26.0 6 893 962 
1427 48.0 14.0 6 911 959 
1428 44.0 14.0 6 911 914 
1429 40.0 14.0 6 914 917 
1430 36.0 14.0 6 917 920 
1431 48.0 18.0 6 923 959 
1432 44.0 18.0 6 923 971 
1433 48.0 22.0 6 926 962 
1434 44.0 22.0 6 926 971 
1435 48.0 26.0 6 929 962 
1436 46.0 28.0 6 929 984 
1437 42.0 24.0 6 944 971 
1438 42.0 28.0 6 944 984 
1439 39.5 24.0 6 947 971 
1440 39.5 28.0 6 947 984 
1441 37.5 24.0 6 950 971 
1442 37.5 26.0 6 950 953 
1443 37.5 28.0 6 953 984 
1444 49.0 12.0 6 956 959 
1445 49.0 20.0 6 959 962 
1446 49.0 28.0 6 962 985 
1447 48.5 10.0 6 896 956 
1448 45.5 10.0 6 899 965 
1449 42.0 10.0 6 902 965 
1450 38.0 10.0 6 905 968 
1451 34.0 10.0 6 908 968 
1452 46.0 12.0 6 911 965 
1453 46.0 16.0 6 911 923 
1454 46.0 20.0 6 923 926 
1455 46.0 24.0 6 926 929 
1456 42.0 12.0 6 914 965 
1457 42.0 16.0 6 914 971 
1458 38.0 12.0 6 917 968 
1459 38.0 16.0 6 917 971 
1460 34.0 12.0 6 920 968 
1461 32.0 14.0 6 920 981 
1462 36.0 18.0 6 932 971 
1463 32.0 18.0 6 932 981 
1464 36.0 20.5 6 935 971 
1465 32.0 20.5 6 935 981 
1466 36.0 22.5 6 938 971 
1467 34.0 22.5 6 938 941 
1468 32.0 22.5 6 941 981 
1469 48.0 11.0 6 956 965 
1470 40.0 11.0 6 965 968 
1471 32.0 11.0 6 968 980 
1472 50.0 10.0 6 878 881 896 956 
1473 50.0 48.5 6 883 958 
1474 50.0 45.5 6 886 961 
1475 50.0 42.0 6 889 961 
1476 50.0 38.0 6 892 964 
1477 50.0 34.0 6 895 964 
1478 48.0 46.0 6 913 961 
1479 44.0 46.0 6 913 916 
1480 40.0 46.0 6 916 919 
1481 36.0 46.0 6 919 922 
1482 48.0 42.0 6 925 961 
1483 44.0 42.0 6 925 973 
1484 48.0 38.0 6 928 964 
1485 44.0 38.0 6 928 973 
1486 48.0 34.0 6 931 964 
1487 46.0 32.0 6 931 984 
1488 42.0 36.0 6 946 973 
1489 42.0 32.0 6 946 984 
1490 39.5 36.0 6 949 973 
1491 39.5 32.0 6 949 984 
1492 37.5 36.0 6 952 973 
1493 37.5 34.0 6 952 955 
1494 37.5 32.0 6 955 984 
1495 49.0 48.0 6 958 961 
1496 49.0 40.0 6 961 964 
1497 49.0 32.0 6 964 985 
1498 48.5 50.0 6 898 958 
1499 45.5 50.0 6 901 967 
1500 42.0 50.0 6 904 967 
1501 38.0 50.0 6 907 970 
1502 34.0 50.0 6 910 970 
1503 46.0 48.0 6 913 967 
1504 46.0 44.0 6 913 925 
1505 46.0 40.0 6 925 928 
1506 46.0 36.0 6 928 931 
1507 42.0 48.0 6 916 967 
1508 42.0 44.0 6 916 973 
1509 38.0 48.0 6 919 970 
1510 38.0 44.0 6 919 973 
1511 34.0 48.0 6 922 970 
1512 32.0 46.0 6 922 982 
1513 36.0 42.0 6 934 973 
1514 32.0 42.0 6 934 982 
1515 36.0 39.5 6 937 973 
1516 32.0 39.5 6 937 982 
1517 36.0 37.5 6 940 973 
1518 34.0 37.5 6 940 943 
1519 32.0 37.5 6 943 982 
1520 48.0 49.0 6 958 967 
1521 40.0 49.0 6 967 970 
1522 32.0 49.0 6 970 983 
1523 50.0 50.0 6 880 883 898 958 
1524 5.0 30.0 6 974 
1525 10.0 30.0 6 974 978 
1526 30.0 5.0 6 975 
1527 30.0 10.0 6 975 980 
1528 30.0 50.0 6 976 983 
1529 30.0 55.0 6 976 
1530 50.0 30.0 6 977 985 
1531 55.0 30.0 6 977 
1532 12.0 30.0 6 978 979 
1533 24.0 30.0 6 979 986 
1534 30.0 12.0 6 980 981 
1535 30.0 24.0 6 981 986 
1536 30.0 36.0 6 982 986 
1537 30.0 48.0 6 982 983 
1538 36.0 30.0 6 984 986 
1539 48.0 30.0 6 984 985 
1540 10.0 11.5 7 988 1013 
1541 10.0 14.5 7 989 1014 
1542 10.0 18.0 7 990 1014 
1543 10.0 22.0 7 991 1015 
1544 10.0 26.0 7 992 1015 
1545 12.0 14.0 7 998 1014 
1546 16.0 14.0 7 998 999 
1547 20.0 14.0 7 999 1000 
1548 24.0 14.0 7 1000 1001 
1549 12.0 18.0 7 1002 1014 
1550 16.0 18.0 7 1002 1018 
1551 12.0 22.0 7 1003 1015 
1552 16.0 22.0 7 1003 1018 
1553 12.0 26.0 7 1004 1015 
1554 14.0 28.0 7 1004 1120 
1555 18.0 24.0 7 1009 1018 
1556 18.0 28.0 7 1009 1120 
1557 20.5 24.0 7 1010 1018 
1558 20.5 28.0 7 1010 1120 
1559 22.5 24.0 7 1011 1018 
1560 22.5 26.0 7 1011 1012 
1561 22.5 28.0 7 1012 1120 
1562 11.0 12.0 7 1013 1014 
1563 11.0 20.0 7 1014 1015 
1564 11.0 28.0 7 1015 1119 
1565 11.5 10.0 7 993 1013 
1566 14.5 10.0 7 994 1016 
1567 18.0 10.0 7 995 1016 
1568 22.0 10.0 7 996 1017 
1569 26.0 10.0 7 997 1017 
1570 14.0 12.0 7 998 1016 
1571 14.0 16.0 7 998 1002 
1572 14.0 20.0 7 1002 1003 
1573 14.0 24.0 7 1003 1004 
1574 18.0 12.0 7 999 1016 
1575 18.0 16.0 7 999 1018 
1576 22.0 12.0 7 1000 1017 
1577 22.0 16.0 7 1000 1018 
1578 26.0 12.0 7 1001 1017 
1579 28.0 14.0 7 1001 1122 
1580 24.0 18.0 7 1005 1018 
1581 28.0 18.0 7 1005 1122 
1582 24.0 20.5 7 1006 1018 
1583 28.0 20.5 7 1006 1122 
1584 24.0 22.5 7 1007 1018 
1585 26.0 22.5 7 1007 1008 
1586 28.0 22.5 7 1008 1122 
1587 12.0 11.0 7 1013 1016 
1588 20.0 11.0 7 1016 1017 
1589 28.0 11.0 7 1017 1121 
1590 10.0 10.0 7 987 988 993 1013 
1591 10.0 48.5 7 1023 1098 
1592 10.0 45.5 7 1026 1101 
1593 10.0 42.0 7 1029 1101 
1594 10.0 38.0 7 1032 1104 
1595 10.0 34.0 7 1035 1104 
1596 12.0 46.0 7 1053 1101 
1597 16.0 46.0 7 1053 1056 
1598 20.0 46.0 7 1056 1059 
1599 24.0 46.0 7 1059 1062 
1600 12.0 42.0 7 1065 1101 
1601 16.0 42.0 7 1065 1113 
1602 12.0 38.0 7 1068 1104 
1603 16.0 38.0 7 1068 1113 
1604 12.0 34.0 7 1071 1104 
1605 14.0 32.0 7 1071 1120 
1606 18.0 36.0 7 1086 1113 
1607 18.0 32.0 7 1086 1120 
1608 20.5 36.0 7 1089 1113 
1609 20.5 32.0 7 1089 1120 
1610 22.5 36.0 7 1092 1113 
1611 22.5 34.0 7 1092 1095 
1612 22.5 32.0 7 1095 1120 
1613 11.0 48.0 7 1098 1101 
1614 11.0 40.0 7 1101 1104 
1615 11.0 32.0 7 1104 1119 
1616 11.5 50.0 7 1038 1098 
1617 14.5 50.0 7 1041 1107 
1618 18.0 50.0 7 1044 1107 
1619 22.0 50.0 7 1047 1110 
1620 26.0 50.0 7 1050 1110 
1621 14.0 48.0 7 1053 1107 
1622 14.0 44.0 7 1053 1065 
1623 14.0 40.0 7 1065 1068 
1624 14.0 36.0 7 1068 1071 
1625 18.0 48.0 7 1056 1107 
1626 18.0 44.0 7 1056 1113 
1627 22.0 48.0 7 1059 1110 
1628 22.0 44.0 7 1059 1113 
1629 26.0 48.0 7 1062 1110 
1630 28.0 46.0 7 1062 1123 
1631 24.0 42.0 7 1074 1113 
1632 28.0 42.0 7 1074 1123 
1633 24.0 39.5 7 1077 1113 
1634 28.0 39.5 7 1077 1123 
1635 24.0 37.5 7 1080 1113 
1636 26.0 37.5 7 1080 1083 
1637 28.0 37.5 7 1083 1123 
1638 12.0 49.0 7 1098 1107 
1639 20.0 49.0 7 1107 1110 
1640 28.0 49.0 7 1110 1124 
1641 10.0 50.0 7 1020 1023 1038 1098 
1642 50.0 11.5 7 1022 1097 
1643 50.0 14.5 7 1025 1100 
1644 50.0 18.0 7 1028 1100 
1645 50.0 22.0 7 1031 1103 
1646 50.0 26.0 7 1034 1103 
1647 48.0 14.0 7 1052 1100 
1648 44.0 14.0 7 1052 1055 
1649 40.0 14.0 7 1055 1058 
1650 36.0 14.0 7 1058 1061 
1651 48.0 18.0 7 1064 1100 
1652 44.0 18.0 7 1064 1112 
1653 48.0 22.0 7 1067 1103 
1654 44.0 22.0 7 1067 1112 
1655 48.0 26.0 7 1070 1103 
1656 46.0 28.0 7 1070 1125 
1657 42.0 24.0 7 1085 1112 
1658 42.0 28.0 7 1085 1125 
1659 39.5 24.0 7 1088 1112 
1660 39.5 28.0 7 1088 1125 
1661 37.5 24.0 7 1091 1112 
1662 37.5 26.0 7 1091 1094 
1663 37.5 28.0 7 1094 1125 
1664 49.0 12.0 7 1097 1100 
1665 49.0 20.0 7 1100 1103 
1666 49.0 28.0 7 1103 1126 
1667 48.5 10.0 7 1037 1097 
1668 45.5 10.0 7 1040 1106 
1669 42.0 10.0 7 1043 1106 
1670 38.0 10.0 7 1046 1109 
1671 34.0 10.0 7 1049 1109 
1672 46.0 12.0 7 1052 1106 
1673 46.0 16.0 7 1052 1064 
1674 46.0 20.0 7 1064 1067 
1675 46.0 24.0 7 1067 1070 
1676 42.0 12.0 7 1055 1106 
1677 42.0 16.0 7 1055 1112 
1678 38.0 12.0 7 1058 1109 
1679 38.0 16.0 7 1058 1112 
1680 34.0 12.0 7 1061 1109 
1681 32.0 14.0 7 1061 1122 
1682 36.0 18.0 7 1073 1112 
1683 32.0 18.0 7 1073 1122 
1684 36.0 20.5 7 1076 1112 
1685 32.0 20.5 7 1076 1122 
1686 36.0 22.5 7 1079 1112 
1687 34.0 22.5 7 1079 1082 
1688 32.0 22.5 7 1082 1122 
1689 48.0 11.0 7 1097 1106 
1690 40.0 11.0 7 1106 1109 
1691 32.0 11.0 7 1109 1121 
1692 50.0 10.0 7 1019 1022 1037 1097 
1693 50.0 48.5 7 1024 1099 
1694 50.0 45.5 7 1027 1102 
1695 50.0 42.0 7 1030 1102 
1696 50.0 38.0 7 1033 1105 
1697 50.0 34.0 7 1036 1105 
1698 48.0 46.0 7 1054 1102 
1699 44.0 46.0 7 1054 1057 
1700 40.0 46.0 7 1057 1060 
1701 36.0 46.0 7 1060 1063 
1702 48.0 42.0 7 1066 1102 
1703 44.0 42.0 7 1066 1114 
1704 48.0 38.0 7 1069 1105 
1705 44.0 38.0 7 1069 1114 
1706 48.0 34.0 7 1072 1105 
1707 46.0 32.0 7 1072 1125 
1708 42.0 36.0 7 1087 1114 
1709 42.0 32.0 7 1087 1125 
1710 39.5 36.0 7 1090 1114 
1711 39.5 32.0 7 1090 1125 
1712 37.5 36.0 7 1093 1114 
1713 37.5 34.0 7 1093 1096 
1714 37.5 32.0 7 1096 1125 
1715 49.0 48.0 7 1099 1102 
1716 49.0 40.0 7 1102 1105 
1717 49.0 32.0 7 1105 1126 
1718 48.5 50.0 7 1039 1099 
1719 45.5 50.0 7 1042 1108 
1720 42.0 50.0 7 1045 1108 
1721 38.0 50.0 7 1048 1111 
1722 34.0 50.0 7 1051 1111 
1723 46.0 48.0 7 1054 1108 
1724 46.0 44.0 7 1054 1066 
1725 46.0 40.0 7 1066 1069 
1726 46.0 36.0 7 1069 1072 
1727 42.0 48.0 7 1057 1108 
1728 42.0 44.0 7 1057 1114 
1729 38.0 48.0 7 1060 1111 
1730 38.0 44.0 7 1060 1114 
1731 34.0 48.0 7 1063 1111 
1732 32.0 46.0 7 1063 1123 
1733 36.0 42.0 7 1075 1114 
1734 32.0 42.0 7 1075 1123 
1735 36.0 39.5 7 1078 1114 
1736 32.0 39.5 7 1078 1123 
1737 36.0 37.5 7 1081 1114 
1738 34.0 37.5 7 1081 1084 
1739 32.0 37.5 7 1084 1123 
1740 48.0 49.0 7 1099 1108 
1741 40.0 49.0 7 1108 1111 
1742 32.0 49.0 7 1111 1124 
1743 50.0 50.0 7 1021 1024 1039 1099 
1744 5.0 30.0 7 1115 
1745 10.0 30.0 7 1115 1119 
1746 30.0 5.0 7 1116 
1747 30.0 10.0 7 1116 1121 
1748 30.0 50.0 7 1117 1124 
1749 30.0 55.0 7 1117 
1750 50.0 30.0 7 1118 1126 
1751 55.0 30.0 7 1118 
1752 12.0 30.0 7 1119 1120 
1753 24.0 30.0 7 1120 1127 
1754 30.0 12.0 7 1121 1122 
1755 30.0 24.0 7 1122 1127 
1756 30.0 36.0 7 1123 1127 
1757 30.0 48.0 7 1123 1124 
1758 36.0 30.0 7 1125 1127 
1759 48.0 30.0 7 1125 1126 
1760 10.0 11.5 8 1129 1154 
1761 10.0 14.5 8 1130 1155 
1762 10.0 18.0 8 1131 1155 
1763 10.0 22.0 8 1132 1156 
1764 10.0 26.0 8 1133 1156 
1765 12.0 14.0 8 1139 1155 
1766 16.0 14.0 8 1139 1140 
1767 20.0 14.0 8 1140 1141 
1768 24.0 14.0 8 1141 1142 
1769 12.0 18.0 8 1143 1155 
1770 16.0 18.0 8 1143 1159 
1771 12.0 22.0 8 1144 1156 
1772 16.0 22.0 8 1144 1159 
1773 12.0 26.0 8 1145 1156 
1774 14.0 28.0 8 1145 1261 
1775 18.0 24.0 8 1150 1159 
1776 18.0 28.0 8 1150 1261 
1777 20.5 24.0 8 1151 1159 
1778 20.5 28.0 8 1151 1261 
1779 22.5 24.0 8 1152 1159 
1780 22.5 26.0 8 1152 1153 
1781 22.5 28.0 8 1153 1261 
1782 11.0 12.0 8 1154 1155 
1783 11.0 20.0 8 1155 1156 
1784 11.0 28.0 8 1156 1260 
1785 11.5 10.0 8 1134 1154 
1786 14.5 10.0 8 1135 1157 
1787 18.0 10.0 8 1136 1157 
1788 22.0 10.0 8 1137 1158 
1789 26.0 10.0 8 1138 1158 
1790 14.0 12.0 8 1139 1157 
1791 14.0 16.0 8 1139 1143 
1792 14.0 20.0 8 1143 1144 
1793 14.0 24.0 8 1144 1145 
1794 18.0 12.0 8 1140 1157 
1795 18.0 16.0 8 1140 1159 
1796 22.0 12.0 8 1141 1158 
1797 22.0 16.0 8 1141 1159 
1798 26.0 12.0 8 1142 1158 
1799 28.0 14.0 8 1142 1263 
1800 24.0 18.0 8 1146 1159 
1801 28.0 18.0 8 1146 1263 
1802 24.0 20.5 8 1147 1159 
1803 28.0 20.5 8 1147 1263 
1804 24.0 22.5 8 1148 1159 
1805 26.0 22.5 8 1148 1149 
1806 28.0 22.5 8 1149 1263 
1807 12.0 11.0 8 1154 1157 
1808 20.0 11.0 8 1157 1158 
1809 28.0 11.0 8 1158 1262 
1810 10.0 10.0 8 1128 1129 1134 1154 
1811 10.0 48.5 8 1164 1239 
1812 10.0 45.5 8 1167 1242 
1813 10.0 42.0 8 1170 1242 
1814 10.0 38.0 8 1173 1245 
1815 10.0 34.0 8 1176 1245 
1816 12.0 46.0 8 1194 1242 
1817 16.0 46.0 8 1194 1197 
1818 20.0 46.0 8 1197 1200 
1819 24.0 46.0 8 1200 1203 
1820 12.0 42.0 8 1206 1242 
1821 16.0 42.0 8 1206 1254 
1822 12.0 38.0 8 1209 1245 
1823 16.0 38.0 8 1209 1254 
1824 12.0 34.0 8 1212 1245 
1825 14.0 32.0 8 1212 1261 
1826 18.0 36.0 8 1227 1254 
1827 18.0 32.0 8 1227 1261 
1828 20.5 36.0 8 1230 1254 
1829 20.5 32.0 8 1230 1261 
1830 22.5 36.0 8 1233 1254 
1831 22.5 34.0 8 1233 1236 
1832 22.5 32.0 8 1236 1261 
1833 11.0 48.0 8 1239 1242 
1834 11.0 40.0 8 1242 1245 
1835 11.0 32.0 8 1245 1260 
1836 11.5 50.0 8 1179 1239 
1837 14.5 50.0 8 1182 1248 
1838 18.0 50.0 8 1185 1248 
1839 22.0 50.0 8 1188 1251 
1840 26.0 50.0 8 1191 1251 
1841 14.0 48.0 8 1194 1248 
1842 14.0 44.0 8 1194 1206 
1843 14.0 40.0 8 1206 1209 
1844 14.0 36.0 8 1209 1212 
1845 18.0 48.0 8 1197 1248 
1846 18.0 44.0 8 1197 1254 
1847 22.0 48.0 8 1200 1251 
1848 22.0 44.0 8 1200 1254 
1849 26.0 48.0 8 1203 1251 
1850 28.0 46.0 8 1203 1264 
1851 24.0 42.0 8 1215 1254 
1852 28.0 42.0 8 1215 1264 
1853 24.0 39.5 8 1218 1254 
1854 28.0 39.5 8 1218 1264 
1855 24.0 37.5 8 1221 1254 
1856 26.0 37.5 8 1221 1224 
1857 28.0 37.5 8 1224 1264 
1858 12.0 49.0 8 1239 1248 
1859 20.0 49.0 8 1248 1251 
1860 28.0 49.0 8 1251 1265 
1861 10.0 50.0 8 1161 1164 1179 1239 
1862 50.0 11.5 8 1163 1238 
1863 50.0 14.5 8 1166 1241 
1864 50.0 18.0 8 1169 1241 
1865 50.0 22.0 8 1172 1244 
1866 50.0 26.0 8 1175 1244 
1867 48.0 14.0 8 1193 1241 
1868 44.0 14.0 8 1193 1196 
1869 40.0 14.0 8 1196 1199 
1870 36.0 14.0 8 1199 1202 
1871 48.0 18.0 8 1205 1241 
1872 44.0 18.0 8 1205 1253 
1873 48.0 22.0 8 1208 1244 
1874 44.0 22.0 8 1208 1253 
1875 48.0 26.0 8 1211 1244 
1876 46.0 28.0 8 1211 1266 
1877 42.0 24.0 8 1226 1253 
1878 42.0 28.0 8 1226 1266 
1879 39.5 24.0 8 1229 1253 
1880 39.5 28.0 8 1229 1266 
1881 37.5 24.0 8 1232 1253 
1882 37.5 26.0 8 1232 1235 
1883 37.5 28.0 8 1235 1266 
1884 49.0 12.0 8 1238 1241 
1885 49.0 20.0 8 1241 1244 
1886 49.0 28.0 8 1244 1267 
1887 48.5 10.0 8 1178 1238 
1888 45.5 10.0 8 1181 1247 
1889 42.0 10.0 8 1184 1247 
1890 38.0 10.0 8 1187 1250 
1891 34.0 10.0 8 1190 1250 
1892 46.0 12.0 8 1193 1247 
1893 46.0 16.0 8 1193 1205 
1894 46.0 20.0 8 1205 1208 
1895 46.0 24.0 8 1208 1211 
1896 42.0 12.0 8 1196 1247 
1897 42.0 16.0 8 1196 1253 
1898 38.0 12.0 8 1199 1250 
1899 38.0 16.0 8 1199 1253 
1900 34.0 12.0 8 1202 1250 
1901 32.0 14.0 8 1202 1263 
1902 36.0 18.0 8 1214 1253 
1903 32.0 18.0 8 1214 1263 
1904 36.0 20.5 8 1217 1253 
1905 32.0 20.5 8 1217 1263 
1906 36.0 22.5 8 1220 1253 
1907 34.0 22.5 8 1220 1223 
1908 32.0 22.5 8 1223 1263 
1909 48.0 11.0 8 1238 1247 
1910 40.0 11.0 8 1247 1250 
1911 32.0 11.0 8 1250 1262 
1912 50.0 10.0 8 1160 1163 1178 1238 
1913 50.0 48.5 8 1165 1240 
1914 50.0 45.5 8 1168 1243 
1915 50.0 42.0 8 1171 1243 
1916 50.0 38.0 8 1174 1246 
1917 50.0 34.0 8 1177 1246 
1918 48.0 46.0 8 1195 1243 
1919 44.0 46.0 8 1195 1198 
1920 40.0 46.0 8 1198 1201 
1921 36.0 46.0 8 1201 1204 
1922 48.0 42.0 8 1207 1243 
1923 44.0 42.0 8 1207 1255 
1924 48.0 38.0 8 1210 1246 
1925 44.0 38.0 8 1210 1255 
1926 48.0 34.0 8 1213 1246 
1927 46.0 32.0 8 1213 1266 
1928 42.0 36.0 8 1228 1255 
1929 42.0 32.0 8 1228 1266 
1930 39.5 36.0 8 1231 1255 
1931 39.5 32.0 8 1231 1266 
1932 37.5 36.0 8 1234 1255 
1933 37.5 34.0 8 1234 1237 
1934 37.5 32.0 8 1237 1266 
1935 49.0 48.0 8 1240 1243 
1936 49.0 40.0 8 1243 1246 
1937 49.0 32.0 8 1246 1267 
1938 48.5 50.0 8 1180 1240 
1939 45.5 50.0 8 1183 1249 
1940 42.0 50.0 8 1186 1249 
1941 38.0 50.0 8 1189 1252 
1942 34.0 50.0 8 1192 1252 
1943 46.0 48.0 8 1195 1249 
1944 46.0 44.0 8 1195 1207 
1945 46.0 40.0 8 1207 1210 
1946 46.0 36.0 8 1210 1213 
1947 42.0 48.0 8 1198 1249 
1948 42.0 44.0 8 1198 1255 
1949 38.0 48.0 8 1201 1252 
1950 38.0 44.0 8 1201 1255 
1951 34.0 48.0 8 1204 1252 
1952 32.0 46.0 8 1204 1264 
1953 36.0 42.0 8 1216 1255 
1954 32.0 42.0 8 1216 1264 
1955 36.0 39.5 8 1219 1255 
1956 32.0 39.5 8 1219 1264 
1957 36.0 37.5 8 1222 1255 
1958 34.0 37.5 8 1222 1225 
1959 32.0 37.5 8 1225 1264 
1960 48.0 49.0 8 1240 1249 
1961 40.0 49.0 8 1249 1252 
1962 32.0 49.0 8 1252 1265 
1963 50.0 50.0 8 1162 1165 1180 1240 
1964 5.0 30.0 8 1256 
1965 10.0 30.0 8 1256 1260 
1966 30.0 5.0 8 1257 
1967 30.0 10.0 8 1257 1262 
1968 30.0 50.0 8 1258 1265 
1969 30.0 55.0 8 1258 
1970 50.0 30.0 8 1259 1267 
1971 55.0 30.0 8 1259 
1972 12.0 30.0 8 1260 1261 
1973 24.0 30.0 8 1261 1268 
1974 30.0 12.0 8 1262 1263 
1975 30.0 24.0 8 1263 1268 
1976 30.0 36.0 8 1264 1268 
1977 30.0 48.0 8 1264 1265 
1978 36.0 30.0 8 1266 1268 
1979 48.0 30.0 8 1266 1267 
1980 10.0 11.5 9 1270 1295 
1981 10.0 14.5 9 1271 1296 
1982 10.0 18.0 9 1272 1296 
1983 10.0 22.0 9 1273 1297 
1984 10.0 26.0 9 1274 1297 
1985 12.0 14.0 9 1280 1296 
1986 16.0 14.0 9 1280 1281 
1987 20.0 14.0 9 1281 1282 
1988 24.0 14.0 9 1282 1283 
1989 12.0 18.0 9 1284 1296 
1990 16.0 18.0 9 1284 1300 
1991 12.0 22.0 9 1285 1297 
1992 16.0 22.0 9 1285 1300 
1993 12.0 26.0 9 1286 1297 
1994 14.0 28.0 9 1286 1402 
1995 18.0 24.0 9 1291 1300 
1996 18.0 28.0 9 1291 1402 
1997 20.5 24.0 9 1292 1300 
1998 20.5 28.0 9 1292 1402 
1999 22.5 24.0 9 1293 1300 
2000 22.5 26.0 9 1293 1294 
2001 22.5 28.0 9 1294 1402 
2002 11.0 12.0 9 1295 1296 
2003 11.0 20.0 9 1296 1297 
2004 11.0 28.0 9 1297 1401 
2005 11.5 10.0 9 1275 1295 
2006 14.5 10.0 9 1276 1298 
2007 18.0 10.0 9 1277 1298 
2008 22.0 10.0 9 1278 1299 
2009 26.0 10.0 9 1279 1299 
2010 14.0 12.0 9 1280 1298 
2011 14.0 16.0 9 1280 1284 
2012 14.0 20.0 9 1284 1285 
2013 14.0 24.0 9 1285 1286 
2014 18.0 12.0 9 1281 1298 
2015 18.0 16.0 9 1281 1300 
2016 22.0 12.0 9 1282 1299 
2017 22.0 16.0 9 1282 1300 
2018 26.0 12.0 9 1283 1299 
2019 28.0 14.0 9 1283 1404 
2020 24.0 18.0 9 1287 1300 
2021 28.0 18.0 9 1287 1404 
2022 24.0 20.5 9 1288 1300 
2023 28.0 20.5 9 1288 1404 
2024 24.0 22.5 9 1289 1300 
2025 26.0 22.5 9 1289 1290 
2026 28.0 22.5 9 1290 1404 
2027 12.0 11.0 9 1295 1298 
2028 20.0 11.0 9 1298 1299 
2029 28.0 11.0 9 1299 1403 
2030 10.0 10.0 9 1269 1270 1275 1295 
2031 10.0 48.5 9 1305 1380 
2032 10.0 45.5 9 1308 1383 
2033 10.0 42.0 9 1311 1383 
2034 10.0 38.0 9 1314 1386 
2035 10.0 34.0 9 1317 1386 
2036 12.0 46.0 9 1335 1383 
2037 16.0 46.0 9 1335 1338 
2038 20.0 46.0 9 1338 1341 
2039 24.0 46.0 9 1341 1344 
2040 12.0 42.0 9 1347 1383 
2041 16.0 42.0 9 1347 1395 
2042 12.0 38.0 9 1350 1386 
2043 16.0 38.0 9 1350 1395 
2044 12.0 34.0 9 1353 1386 
2045 14.0 32.0 9 1353 1402 
2046 18.0 36.0 9 1368 1395 
2047 18.0 32.0 9 1368 1402 
2048 20.5 36.0 9 1371 1395 
2049 20.5 32.0 9 1371 1402 
2050 22.5 36.0 9 1374 1395 
2051 22.5 34.0 9 1374 1377 
2052 22.5 32.0 9 1377 1402 
2053 11.0 48.0 9 1380 1383 
2054 11.0 40.0 9 1383 1386 
2055 11.0 32.0 9 1386 1401 
2056 11.5 50.0 9 1320 1380 
2057 14.5 50.0 9 1323 1389 
2058 18.0 50.0 9 1326 1389 
2059 22.0 50.0 9 1329 1392 
2060 26.0 50.0 9 1332 1392 
2061 14.0 48.0 9 1335 1389 
2062 14.0 44.0 9 1335 1347 
2063 14.0 40.0 9 1347 1350 
2064 14.0 36.0 9 1350 1353 
2065 18.0 48.0 9 1338 1389 
2066 18.0 44.0 9 1338 1395 
2067 22.0 48.0 9 1341 1392 
2068 22.0 44.0 9 1341 1395 
2069 26.0 48.0 9 1344 1392 
2070 28.0 46.0 9 1344 1405 
2071 24.0 42.0 9 1356 1395 
2072 28.0 42.0 9 1356 1405 
2073 24.0 39.5 9 1359 1395 
2074 28.0 39.5 9 1359 1405 
2075 24.0 37.5 9 1362 1395 
2076 26.0 37.5 9 1362 1365 
2077 28.0 37.5 9 1365 1405 
2078 12.0 49.0 9 1380 1389 
2079 20.0 49.0 9 1389 1392 
2080 28.0 49.0 9 1392 1406 
2081 10.0 50.0 9 1302 1305 1320 1380 
2082 50.0 11.5 9 1304 1379 
2083 50.0 14.5 9 1307 1382 
2084 50.0 18.0 9 1310 1382 
2085 50.0 22.0 9 1313 1385 
2086 50.0 26.0 9 1316 1385 
2087 48.0 14.0 9 1334 1382 
2088 44.0 14.0 9 1334 1337 
2089 40.0 14.0 9 1337 1340 
2090 36.0 14.0 9 1340 1343 
2091 48.0 18.0 9 1346 1382 
2092 44.0 18.0 9 1346 1394 
2093 48.0 22.0 9 1349 1385 
2094 44.0 22.0 9 1349 1394 
2095 48.0 26.0 9 1352 1385 
2096 46.0 28.0 9 1352 1407 
2097 42.0 24.0 9 1367 1394 
2098 42.0 28.0 9 1367 1407 
2099 39.5 24.0 9 1370 1394 
2100 39.5 28.0 9 1370 1407 
2101 37.5 24.0 9 1373 1394 
2102 37.5 26.0 9 1373 1376 
2103 37.5 28.0 9 1376 1407 
2104 49.0 12.0 9 1379 1382 
2105 49.0 20.0 9 1382 1385 
2106 49.0 28.0 9 1385 1408 
2107 48.5 10.0 9 1319 1379 
2108 45.5 10.0 9 1322 1388 
2109 42.0 10.0 9 1325 1388 
2110 38.0 10.0 9 1328 1391 
2111 34.0 10.0 9 1331 1391 
2112 46.0 12.0 9 1334 1388 
2113 46.0 16.0 9 1334 1346 
2114 46.0 20.0 9 1346 1349 
2115 46.0 24.0 9 1349 1352 
2116 42.0 12.0 9 1337 1388 
2117 42.0 16.0 9 1337 1394 
2118 38.0 12.0 9 1340 1391 
2119 38.0 16.0 9 1340 1394 
2120 34.0 12.0 9 1343 1391 
2121 32.0 14.0 9 1343 1404 
2122 36.0 18.0 9 1355 1394 
2123 32.0 18.0 9 1355 1404 
2124 36.0 20.5 9 1358 1394 
2125 32.0 20.5 9 1358 1404 
2126 36.0 22.5 9 1361 1394 
2127 34.0 22.5 9 1361 1364 
2128 32.0 22.5 9 1364 1404 
2129 48.0 11.0 9 1379 1388 
2130 40.0 11.0 9 1388 1391 
2131 32.0 11.0 9 1391 1403 
2132 50.0 10.0 9 1301 1304 1319 1379 
2133 50.0 48.5 9 1306 1381 
2134 50.0 45.5 9 1309 1384 
2135 50.0 42.0 9 1312 1384 
2136 50.0 38.0 9 1315 1387 
2137 50.0 34.0 9 1318 1387 
2138 48.0 46.0 9 1336 1384 
2139 44.0 46.0 9 1336 1339 
2140 40.0 46.0 9 1339 1342 
2141 36.0 46.0 9 1342 1345 
2142 48.0 42.0 9 1348 1384 
2143 44.0 42.0 9 1348 1396 
2144 48.0 38.0 9 1351 1387 
2145 44.0 38.0 9 1351 1396 
2146 48.0 34.0 9 1354 1387 
2147 46.0 32.0 9 1354 1407 
2148 42.0 36.0 9 1369 1396 
2149 42.0 32.0 9 1369 1407 
2150 39.5 36.0 9 1372 1396 
2151 39.5 32.0 9 1372 1407 
2152 37.5 36.0 9 1375 1396 
2153 37.5 34.0 9 1375 1378 
2154 37.5 32.0 9 1378 1407 
2155 49.0 48.0 9 1381 1384 
2156 49.0 40.0 9 1384 1387 
2157 49.0 32.0 9 1387 1408 
2158 48.5 50.0 9 1321 1381 
2159 45.5 50.0 9 1324 1390 
2160 42.0 50.0 9 1327 1390 
2161 38.0 50.0 9 1330 1393 
2162 34.0 50.0 9 1333 1393 
2163 46.0 48.0 9 1336 1390 
2164 46.0 44.0 9 1336 1348 
2165 46.0 40.0 9 1348 1351 
2166 46.0 36.0 9 1351 1354 
2167 42.0 48.0 9 1339 1390 
2168 42.0 44.0 9 1339 1396 
2169 38.0 48.0 9 1342 1393 
2170 38.0 44.0 9 1342 1396 
2171 34.0 48.0 9 1345 1393 
2172 32.0 46.0 9 1345 1405 
2173 36.0 42.0 9 1357 1396 
2174 32.0 42.0 9 1357 1405 
2175 36.0 39.5 9 1360 1396 
2176 32.0 39.5 9 1360 1405 
2177 36.0 37.5 9 1363 1396 
2178 34.0 37.5 9 1363 1366 
2179 32.0 37.5 9 1366 1405 
2180 48.0 49.0 9 1381 1390 
2181 40.0 49.0 9 1390 1393 
2182 32.0 49.0 9 1393 1406 
2183 50.0 50.0 9 1303 1306 1321 1381 
2184 5.0 30.0 9 1397 
2185 10.0 30.0 9 1397 1401 
2186 30.0 5.0 9 1398 
2187 30.0 10.0 9 1398 1403 
2188 30.0 50.0 9 1399 1406 
2189 30.0 55.0 9 1399 
2190 50.0 30.0 9 1400 1408 
2191 55.0 30.0 9 1400 
2192 12.0 30.0 9 1401 1402 
2193 24.0 30.0 9 1402 1409 
2194 30.0 12.0 9 1403 1404 
2195 30.0 24.0 9 1404 1409 
2196 30.0 36.0 9 1405 1409 
2197 30.0 48.0 9 1405 1406 
2198 36.0 30.0 9 1407 1409 
2199 48.0 30.0 9 1407 1408 
