10006	26
10005	29
10004	22
10003	27
10002	27
10001	25
10000	28
9999	27
9998	21
9997	30
9996	30
9995	28
9994	27
9993	25
9992	26
9991	24
9990	21
9989	27
9988	26
9987	28
9986	23
9985	22
9984	22
9983	24
9982	26
9981	28
9980	21
9979	25
9978	22
9977	24
9976	21
9975	21
9974	27
9973	28
9972	27
9971	29
9970	29
9969	26
9968	29
9967	29
9966	28
9965	23
9964	29
9963	26
9962	25
9961	25
9960	21
9959	21
9958	22
9957	24
9956	28
9955	21
9954	25
9953	27
9952	26
9951	29
9950	28
9949	29
9948	21
9947	24
9946	24
9945	25
9944	30
9943	29
9942	27
9941	23
9940	21
9939	26
9938	28
9937	25
9936	29
9935	22
9934	26
9933	27
9932	22
9931	22
9930	27
9929	24
9928	28
9927	24
9926	21
9925	24
9924	25
9923	27
9922	26
9921	28
9920	29
9919	27
9918	26
9917	21
9916	27
9915	25
9914	22
9913	22
9912	23
9911	24
9910	28
9909	24
9908	28
9907	25
9906	23
9905	29
9904	26
9903	27
9902	21
9901	29
9900	25
9899	26
9898	23
9897	27
9896	25
9895	27
9894	29
9893	22
9892	21
9891	30
9890	24
9889	22
9888	28
9887	29
9886	22
9885	26
9884	27
9883	22
9882	30
9881	25
9880	24
9879	21
9878	24
9877	28
9876	30
9875	28
9874	22
9873	23
9872	27
9871	30
9870	29
9869	21
9868	28
9867	30
9866	30
9865	23
9864	23
9863	24
9862	24
9861	26
9860	26
9859	26
9858	24
9857	27
9856	29
9855	28
9854	24
9853	21
9852	24
9851	27
9850	29
9849	28
9848	21
9847	30
9846	22
9845	21
9844	25
9843	29
9842	22
9841	26
9840	27
9839	22
9838	28
9837	30
9836	24
9835	28
9834	24
9833	30
9832	21
9831	26
9830	24
9829	24
9828	27
9827	25
9826	29
9825	22
9824	30
9823	26
9822	30
9821	22
9820	22
9819	22
9818	22
9817	27
9816	25
9815	26
9814	24
9813	27
9812	27
9811	22
9810	25
9809	25
9808	28
9807	28
9806	22
9805	21
9804	28
9803	21
9802	28
9801	23
9800	21
9799	21
9798	21
9797	22
9796	30
9795	23
9794	23
9793	28
9792	30
9791	24
9790	26
9789	25
9788	21
9787	24
9786	27
9785	21
9784	23
9783	24
9782	29
9781	23
9780	26
9779	24
9778	22
9777	22
9776	28
9775	23
9774	22
9773	27
9772	30
9771	23
9770	24
9769	29
9768	28
9767	24
9766	21
9765	23
9764	26
9763	23
9762	26
9761	22
9760	22
9759	29
9758	24
9757	29
9756	22
9755	29
9754	28
9753	24
9752	27
9751	22
9750	23
9749	25
9748	26
9747	29
9746	30
9745	24
9744	22
9743	21
9742	29
9741	30
9740	26
9739	26
9738	23
9737	28
9736	29
9735	25
9734	22
9733	25
9732	25
9731	29
9730	29
9729	26
9728	22
9727	26
9726	26
9725	28
9724	22
9723	29
9722	24
9721	30
9720	25
9719	25
9718	28
9717	21
9716	29
9715	24
9714	28
9713	27
9712	23
9711	25
9710	21
9709	26
9708	21
9707	26
9706	26
9705	27
9704	24
9703	28
9702	24
9701	28
9700	25
9699	25
9698	26
9697	21
9696	23
9695	22
9694	21
9693	28
9692	27
9691	24
9690	29
9689	28
9688	30
9687	22
9686	25
9685	26
9684	29
9683	26
9682	28
9681	28
9680	21
9679	27
9678	25
9677	21
9676	27
9675	29
9674	30
9673	29
9672	29
9671	30
9670	27
9669	23
9668	25
9667	29
9666	23
9665	28
9664	21
9663	28
9662	27
9661	27
9660	25
9659	22
9658	25
9657	21
9656	21
9655	22
9654	28
9653	26
9652	22
9651	29
9650	24
9649	30
9648	24
9647	25
9646	28
9645	22
9644	26
9643	25
9642	22
9641	22
9640	27
9639	23
9638	21
9637	30
9636	26
9635	25
9634	21
9633	25
9632	21
9631	21
9630	23
9629	28
9628	27
9627	26
9626	29
9625	24
9624	26
9623	24
9622	24
9621	21
9620	25
9619	27
9618	21
9617	29
9616	21
9615	23
9614	28
9613	25
9612	25
9611	25
9610	27
9609	25
9608	23
9607	26
9606	21
9605	26
9604	22
9603	25
9602	30
9601	24
9600	24
9599	23
9598	23
9597	26
9596	25
9595	22
9594	29
9593	27
9592	26
9591	25
9590	23
9589	22
9588	22
9587	21
9586	22
9585	23
9584	29
9583	21
9582	26
9581	22
9580	25
9579	27
9578	28
9577	21
9576	23
9575	23
9574	27
9573	29
9572	29
9571	25
9570	27
9569	28
9568	24
9567	27
9566	30
9565	30
9564	29
9563	24
9562	26
9561	27
9560	30
9559	22
9558	25
9557	21
9556	29
9555	27
9554	26
9553	28
9552	28
9551	26
9550	22
9549	28
9548	30
9547	21
9546	24
9545	24
9544	24
9543	21
9542	22
9541	29
9540	24
9539	28
9538	28
9537	29
9536	26
9535	28
9534	24
9533	30
9532	23
9531	26
9530	28
9529	21
9528	30
9527	25
9526	30
9525	22
9524	23
9523	23
9522	28
9521	22
9520	23
9519	22
9518	26
9517	21
9516	30
9515	25
9514	22
9513	29
9512	30
9511	29
9510	30
9509	22
9508	23
9507	24
9506	30
9505	29
9504	24
9503	30
9502	28
9501	30
9500	21
9499	24
9498	26
9497	23
9496	30
9495	25
9494	21
9493	27
9492	21
9491	25
9490	24
9489	27
9488	27
9487	24
9486	26
9485	23
9484	24
9483	27
9482	29
9481	21
9480	28
9479	21
9478	23
9477	24
9476	24
9475	25
9474	27
9473	28
9472	28
9471	28
9470	27
9469	28
9468	25
9467	25
9466	28
9465	22
9464	25
9463	25
9462	26
9461	23
9460	23
9459	29
9458	24
9457	25
9456	26
9455	23
9454	25
9453	25
9452	30
9451	28
9450	24
9449	22
9448	23
9447	30
9446	24
9445	22
9444	22
9443	26
9442	26
9441	28
9440	28
9439	22
9438	25
9437	29
9436	25
9435	29
9434	29
9433	21
9432	30
9431	28
9430	30
9429	28
9428	29
9427	21
9426	29
9425	26
9424	25
9423	24
9422	23
9421	21
9420	30
9419	26
9418	23
9417	21
9416	21
9415	29
9414	25
9413	30
9412	30
9411	25
9410	28
9409	27
9408	28
9407	28
9406	22
9405	28
9404	27
9403	24
9402	26
9401	27
9400	24
9399	29
9398	22
9397	24
9396	23
9395	22
9394	26
9393	28
9392	30
9391	22
9390	27
9389	21
9388	27
9387	23
9386	29
9385	21
9384	21
9383	25
9382	23
9381	23
9380	24
9379	28
9378	30
9377	27
9376	24
9375	27
9374	22
9373	30
9372	29
9371	24
9370	26
9369	28
9368	23
9367	26
9366	30
9365	22
9364	30
9363	30
9362	28
9361	21
9360	23
9359	29
9358	27
9357	22
9356	22
9355	23
9354	26
9353	30
9352	23
9351	27
9350	27
9349	29
9348	30
9347	27
9346	21
9345	22
9344	21
9343	30
9342	27
9341	27
9340	27
9339	25
9338	26
9337	28
9336	25
9335	26
9334	21
9333	28
9332	29
9331	23
9330	21
9329	29
9328	24
9327	26
9326	22
9325	24
9324	21
9323	22
9322	21
9321	29
9320	23
9319	28
9318	25
9317	28
9316	23
9315	30
9314	28
9313	30
9312	22
9311	23
9310	23
9309	27
9308	23
9307	29
9306	21
9305	22
9304	23
9303	22
9302	30
9301	22
9300	22
9299	30
9298	24
9297	24
9296	23
9295	26
9294	30
9293	23
9292	24
9291	30
9290	22
9289	21
9288	26
9287	29
9286	21
9285	29
9284	30
9283	21
9282	22
9281	24
9280	25
9279	28
9278	22
9277	24
9276	22
9275	22
9274	24
9273	26
9272	25
9271	23
9270	23
9269	23
9268	21
9267	28
9266	30
9265	22
9264	28
9263	27
9262	26
9261	27
9260	22
9259	30
9258	28
9257	27
9256	27
9255	28
9254	23
9253	28
9252	30
9251	24
9250	28
9249	25
9248	30
9247	23
9246	25
9245	26
9244	28
9243	21
9242	28
9241	30
9240	28
9239	28
9238	28
9237	21
9236	23
9235	25
9234	26
9233	23
9232	30
9231	24
9230	22
9229	23
9228	25
9227	26
9226	29
9225	25
9224	30
9223	26
9222	23
9221	25
9220	30
9219	24
9218	25
9217	21
9216	29
9215	29
9214	23
9213	22
9212	27
9211	30
9210	22
9209	22
9208	21
9207	29
9206	23
9205	30
9204	23
9203	26
9202	22
9201	23
9200	30
9199	25
9198	28
9197	21
9196	30
9195	24
9194	21
9193	23
9192	26
9191	28
9190	21
9189	24
9188	25
9187	23
9186	21
9185	25
9184	26
9183	27
9182	26
9181	25
9180	26
9179	27
9178	26
9177	22
9176	26
9175	25
9174	28
9173	25
9172	25
9171	25
9170	27
9169	23
9168	24
9167	23
9166	24
9165	29
9164	25
9163	29
9162	29
9161	23
9160	28
9159	30
9158	21
9157	30
9156	27
9155	25
9154	30
9153	27
9152	27
9151	25
9150	27
9149	27
9148	29
9147	25
9146	21
9145	26
9144	22
9143	23
9142	26
9141	28
9140	25
9139	24
9138	29
9137	25
9136	30
9135	22
9134	29
9133	24
9132	24
9131	26
9130	21
9129	22
9128	28
9127	27
9126	26
9125	29
9124	22
9123	22
9122	29
9121	24
9120	21
9119	21
9118	25
9117	24
9116	26
9115	26
9114	25
9113	28
9112	22
9111	22
9110	24
9109	27
9108	29
9107	29
9106	27
9105	27
9104	22
9103	21
9102	29
9101	24
9100	22
9099	23
9098	21
9097	30
9096	21
9095	24
9094	25
9093	23
9092	24
9091	30
9090	26
9089	23
9088	29
9087	23
9086	24
9085	22
9084	23
9083	29
9082	23
9081	22
9080	26
9079	27
9078	26
9077	23
9076	22
9075	29
9074	30
9073	28
9072	28
9071	21
9070	27
9069	22
9068	30
9067	29
9066	28
9065	27
9064	27
9063	24
9062	30
9061	27
9060	23
9059	24
9058	29
9057	23
9056	29
9055	26
9054	21
9053	29
9052	24
9051	24
9050	21
9049	28
9048	28
9047	28
9046	25
9045	24
9044	29
9043	30
9042	23
9041	21
9040	24
9039	30
9038	29
9037	26
9036	26
9035	22
9034	25
9033	30
9032	26
9031	22
9030	26
9029	25
9028	29
9027	28
9026	30
9025	28
9024	23
9023	23
9022	28
9021	26
9020	27
9019	21
9018	26
9017	24
9016	23
9015	24
9014	28
9013	30
9012	24
9011	24
9010	21
9009	21
9008	27
9007	25
9006	22
9005	28
9004	28
9003	24
9002	28
9001	22
9000	22
8999	23
8998	26
8997	27
8996	30
8995	28
8994	22
8993	24
8992	23
8991	24
8990	23
8989	27
8988	23
8987	28
8986	26
8985	30
8984	24
8983	24
8982	25
8981	30
8980	27
8979	25
8978	24
8977	24
8976	27
8975	27
8974	26
8973	28
8972	27
8971	22
8970	27
8969	30
8968	27
8967	30
8966	28
8965	22
8964	21
8963	28
8962	25
8961	23
8960	29
8959	29
8958	24
8957	28
8956	22
8955	22
8954	21
8953	30
8952	21
8951	25
8950	29
8949	25
8948	27
8947	29
8946	29
8945	25
8944	27
8943	29
8942	29
8941	24
8940	27
8939	30
8938	23
8937	29
8936	29
8935	29
8934	23
8933	30
8932	22
8931	22
8930	21
8929	28
8928	25
8927	27
8926	27
8925	28
8924	24
8923	23
8922	24
8921	22
8920	23
8919	28
8918	22
8917	26
8916	23
8915	21
8914	26
8913	25
8912	30
8911	24
8910	29
8909	29
8908	25
8907	25
8906	28
8905	29
8904	23
8903	21
8902	25
8901	23
8900	27
8899	23
8898	21
8897	25
8896	22
8895	26
8894	30
8893	21
8892	24
8891	22
8890	25
8889	28
8888	28
8887	30
8886	30
8885	22
8884	27
8883	21
8882	28
8881	22
8880	22
8879	28
8878	22
8877	27
8876	29
8875	26
8874	24
8873	25
8872	28
8871	29
8870	24
8869	30
8868	25
8867	25
8866	22
8865	27
8864	26
8863	22
8862	29
8861	23
8860	24
8859	25
8858	30
8857	26
8856	28
8855	24
8854	23
8853	22
8852	21
8851	29
8850	26
8849	27
8848	26
8847	26
8846	28
8845	23
8844	23
8843	25
8842	26
8841	24
8840	30
8839	22
8838	26
8837	21
8836	27
8835	28
8834	23
8833	26
8832	30
8831	23
8830	26
8829	29
8828	30
8827	30
8826	30
8825	29
8824	27
8823	24
8822	23
8821	25
8820	29
8819	23
8818	21
8817	25
8816	27
8815	21
8814	27
8813	27
8812	26
8811	22
8810	30
8809	28
8808	21
8807	25
8806	25
8805	24
8804	23
8803	30
8802	21
8801	21
8800	21
8799	24
8798	27
8797	25
8796	23
8795	24
8794	26
8793	26
8792	27
8791	30
8790	25
8789	22
8788	24
8787	23
8786	29
8785	29
8784	23
8783	22
8782	23
8781	23
8780	21
8779	24
8778	29
8777	29
8776	25
8775	24
8774	29
8773	25
8772	27
8771	23
8770	29
8769	23
8768	23
8767	29
8766	30
8765	23
8764	22
8763	29
8762	25
8761	29
8760	22
8759	22
8758	27
8757	27
8756	27
8755	25
8754	29
8753	29
8752	22
8751	28
8750	28
8749	24
8748	28
8747	27
8746	23
8745	24
8744	26
8743	28
8742	26
8741	21
8740	23
8739	26
8738	28
8737	22
8736	27
8735	23
8734	29
8733	28
8732	25
8731	21
8730	28
8729	27
8728	22
8727	25
8726	22
8725	26
8724	26
8723	23
8722	28
8721	27
8720	21
8719	22
8718	25
8717	28
8716	29
8715	29
8714	28
8713	23
8712	22
8711	22
8710	30
8709	26
8708	24
8707	21
8706	25
8705	27
8704	21
8703	23
8702	24
8701	28
8700	26
8699	22
8698	23
8697	26
8696	29
8695	23
8694	27
8693	27
8692	27
8691	22
8690	27
8689	24
8688	21
8687	24
8686	27
8685	21
8684	29
8683	30
8682	23
8681	28
8680	30
8679	29
8678	21
8677	30
8676	29
8675	28
8674	29
8673	29
8672	28
8671	26
8670	23
8669	27
8668	28
8667	30
8666	23
8665	27
8664	23
8663	23
8662	22
8661	22
8660	30
8659	30
8658	21
8657	22
8656	22
8655	25
8654	30
8653	27
8652	26
8651	30
8650	22
8649	25
8648	27
8647	24
8646	25
8645	28
8644	30
8643	25
8642	22
8641	21
8640	25
8639	22
8638	23
8637	24
8636	26
8635	27
8634	26
8633	27
8632	25
8631	28
8630	28
8629	24
8628	30
8627	25
8626	29
8625	29
8624	28
8623	27
8622	23
8621	21
8620	24
8619	29
8618	25
8617	22
8616	29
8615	25
8614	26
8613	22
8612	23
8611	30
8610	23
8609	25
8608	26
8607	24
8606	24
8605	27
8604	22
8603	27
8602	23
8601	23
8600	23
8599	23
8598	21
8597	27
8596	24
8595	28
8594	21
8593	23
8592	24
8591	26
8590	21
8589	27
8588	26
8587	30
8586	23
8585	23
8584	26
8583	27
8582	22
8581	25
8580	23
8579	29
8578	30
8577	24
8576	29
8575	22
8574	27
8573	30
8572	28
8571	25
8570	26
8569	24
8568	28
8567	29
8566	23
8565	21
8564	24
8563	26
8562	29
8561	23
8560	27
8559	24
8558	24
8557	27
8556	29
8555	27
8554	25
8553	30
8552	23
8551	23
8550	27
8549	27
8548	23
8547	30
8546	28
8545	27
8544	29
8543	28
8542	30
8541	26
8540	21
8539	23
8538	22
8537	22
8536	29
8535	21
8534	26
8533	27
8532	29
8531	25
8530	21
8529	24
8528	25
8527	22
8526	25
8525	22
8524	25
8523	26
8522	24
8521	23
8520	21
8519	30
8518	23
8517	28
8516	23
8515	30
8514	23
8513	30
8512	21
8511	23
8510	22
8509	27
8508	23
8507	25
8506	25
8505	23
8504	22
8503	21
8502	28
8501	23
8500	21
8499	22
8498	27
8497	25
8496	21
8495	25
8494	28
8493	30
8492	28
8491	25
8490	29
8489	22
8488	21
8487	29
8486	21
8485	26
8484	21
8483	27
8482	30
8481	30
8480	29
8479	26
8478	21
8477	29
8476	26
8475	28
8474	22
8473	26
8472	29
8471	30
8470	26
8469	22
8468	30
8467	25
8466	24
8465	22
8464	22
8463	24
8462	21
8461	21
8460	26
8459	24
8458	26
8457	27
8456	25
8455	29
8454	29
8453	23
8452	27
8451	23
8450	24
8449	26
8448	22
8447	29
8446	25
8445	28
8444	23
8443	25
8442	29
8441	30
8440	23
8439	27
8438	28
8437	30
8436	21
8435	23
8434	27
8433	24
8432	22
8431	28
8430	28
8429	30
8428	28
8427	24
8426	22
8425	24
8424	27
8423	27
8422	26
8421	24
8420	24
8419	29
8418	28
8417	24
8416	30
8415	21
8414	22
8413	23
8412	21
8411	26
8410	29
8409	24
8408	25
8407	25
8406	25
8405	21
8404	26
8403	24
8402	29
8401	26
8400	22
8399	28
8398	25
8397	25
8396	25
8395	27
8394	25
8393	23
8392	22
8391	29
8390	25
8389	29
8388	21
8387	25
8386	30
8385	29
8384	24
8383	23
8382	24
8381	24
8380	30
8379	24
8378	29
8377	25
8376	23
8375	21
8374	22
8373	28
8372	24
8371	25
8370	26
8369	24
8368	30
8367	27
8366	26
8365	30
8364	21
8363	21
8362	26
8361	24
8360	21
8359	29
8358	28
8357	23
8356	22
8355	24
8354	22
8353	28
8352	27
8351	28
8350	21
8349	27
8348	30
8347	27
8346	26
8345	21
8344	28
8343	23
8342	23
8341	27
8340	25
8339	25
8338	23
8337	29
8336	26
8335	29
8334	25
8333	24
8332	21
8331	30
8330	21
8329	29
8328	24
8327	21
8326	26
8325	28
8324	27
8323	25
8322	23
8321	27
8320	21
8319	25
8318	27
8317	21
8316	29
8315	29
8314	29
8313	21
8312	21
8311	24
8310	28
8309	30
8308	21
8307	26
8306	28
8305	26
8304	24
8303	25
8302	22
8301	27
8300	21
8299	28
8298	25
8297	29
8296	27
8295	30
8294	28
8293	30
8292	28
8291	23
8290	30
8289	25
8288	24
8287	21
8286	30
8285	26
8284	24
8283	27
8282	25
8281	26
8280	24
8279	25
8278	23
8277	25
8276	29
8275	28
8274	26
8273	30
8272	30
8271	22
8270	23
8269	21
8268	23
8267	26
8266	30
8265	22
8264	21
8263	22
8262	24
8261	24
8260	24
8259	21
8258	25
8257	25
8256	23
8255	28
8254	30
8253	22
8252	28
8251	27
8250	27
8249	30
8248	27
8247	27
8246	29
8245	26
8244	26
8243	30
8242	23
8241	25
8240	22
8239	29
8238	24
8237	26
8236	22
8235	30
8234	23
8233	30
8232	23
8231	26
8230	24
8229	26
8228	22
8227	23
8226	24
8225	27
8224	21
8223	27
8222	25
8221	26
8220	23
8219	29
8218	24
8217	21
8216	25
8215	25
8214	21
8213	24
8212	24
8211	22
8210	26
8209	21
8208	21
8207	29
8206	23
8205	27
8204	30
8203	23
8202	24
8201	24
8200	26
8199	27
8198	28
8197	22
8196	22
8195	25
8194	22
8193	28
8192	30
8191	27
8190	25
8189	26
8188	30
8187	23
8186	27
8185	30
8184	27
8183	25
8182	26
8181	24
8180	25
8179	25
8178	25
8177	22
8176	24
8175	28
8174	22
8173	24
8172	28
8171	28
8170	24
8169	23
8168	22
8167	26
8166	22
8165	28
8164	23
8163	28
8162	28
8161	25
8160	27
8159	21
8158	21
8157	26
8156	21
8155	21
8154	26
8153	25
8152	27
8151	22
8150	29
8149	27
8148	22
8147	21
8146	26
8145	25
8144	27
8143	23
8142	22
8141	27
8140	22
8139	24
8138	26
8137	24
8136	27
8135	30
8134	25
8133	21
8132	27
8131	23
8130	21
8129	29
8128	27
8127	30
8126	24
8125	25
8124	30
8123	25
8122	22
8121	28
8120	24
8119	27
8118	28
8117	26
8116	27
8115	22
8114	24
8113	24
8112	30
8111	29
8110	27
8109	23
8108	26
8107	26
8106	21
8105	23
8104	24
8103	22
8102	30
8101	27
8100	22
8099	27
8098	27
8097	28
8096	24
8095	28
8094	24
8093	29
8092	26
8091	21
8090	25
8089	27
8088	23
8087	21
8086	21
8085	24
8084	25
8083	28
8082	22
8081	21
8080	21
8079	21
8078	30
8077	28
8076	23
8075	28
8074	26
8073	21
8072	26
8071	24
8070	29
8069	30
8068	27
8067	28
8066	23
8065	26
8064	28
8063	24
8062	26
8061	30
8060	21
8059	22
8058	22
8057	22
8056	28
8055	21
8054	30
8053	22
8052	26
8051	22
8050	27
8049	25
8048	22
8047	30
8046	29
8045	26
8044	28
8043	21
8042	26
8041	23
8040	26
8039	29
8038	29
8037	21
8036	30
8035	25
8034	29
8033	25
8032	22
8031	29
8030	28
8029	22
8028	24
8027	26
8026	27
8025	25
8024	23
8023	29
8022	22
8021	29
8020	24
8019	25
8018	28
8017	21
8016	27
8015	28
8014	21
8013	28
8012	27
8011	21
8010	26
8009	29
8008	30
8007	26
8006	29
8005	30
8004	30
8003	24
8002	28
8001	30
8000	23
7999	30
7998	26
7997	22
7996	23
7995	21
7994	21
7993	22
7992	23
7991	22
7990	30
7989	27
7988	28
7987	27
7986	24
7985	21
7984	27
7983	24
7982	22
7981	24
7980	28
7979	28
7978	27
7977	24
7976	28
7975	23
7974	25
7973	29
7972	28
7971	25
7970	24
7969	25
7968	23
7967	22
7966	28
7965	21
7964	28
7963	25
7962	28
7961	25
7960	25
7959	23
7958	28
7957	28
7956	24
7955	26
7954	26
7953	26
7952	30
7951	23
7950	28
7949	26
7948	28
7947	27
7946	26
7945	29
7944	22
7943	23
7942	24
7941	21
7940	27
7939	28
7938	26
7937	26
7936	27
7935	21
7934	21
7933	24
7932	24
7931	29
7930	21
7929	26
7928	27
7927	29
7926	23
7925	29
7924	23
7923	30
7922	24
7921	21
7920	21
7919	28
7918	23
7917	23
7916	23
7915	28
7914	30
7913	28
7912	27
7911	24
7910	22
7909	24
7908	22
7907	21
7906	23
7905	30
7904	23
7903	22
7902	21
7901	23
7900	27
7899	25
7898	28
7897	27
7896	29
7895	27
7894	23
7893	26
7892	28
7891	21
7890	28
7889	27
7888	29
7887	30
7886	30
7885	27
7884	24
7883	30
7882	22
7881	26
7880	24
7879	25
7878	30
7877	24
7876	22
7875	27
7874	28
7873	30
7872	22
7871	23
7870	23
7869	27
7868	26
7867	21
7866	24
7865	26
7864	24
7863	28
7862	28
7861	21
7860	23
7859	22
7858	27
7857	27
7856	22
7855	23
7854	30
7853	24
7852	29
7851	30
7850	30
7849	24
7848	28
7847	30
7846	28
7845	22
7844	22
7843	26
7842	28
7841	27
7840	21
7839	30
7838	25
7837	23
7836	24
7835	25
7834	30
7833	26
7832	27
7831	22
7830	26
7829	29
7828	24
7827	27
7826	21
7825	29
7824	29
7823	26
7822	29
7821	23
7820	26
7819	23
7818	23
7817	22
7816	28
7815	29
7814	23
7813	26
7812	27
7811	23
7810	22
7809	30
7808	26
7807	29
7806	21
7805	29
7804	23
7803	29
7802	21
7801	27
7800	23
7799	30
7798	21
7797	22
7796	25
7795	22
7794	27
7793	30
7792	25
7791	23
7790	23
7789	30
7788	22
7787	26
7786	27
7785	23
7784	24
7783	25
7782	27
7781	30
7780	28
7779	27
7778	23
7777	27
7776	27
7775	26
7774	24
7773	25
7772	23
7771	22
7770	24
7769	27
7768	30
7767	21
7766	23
7765	24
7764	23
7763	29
7762	23
7761	22
7760	22
7759	30
7758	29
7757	29
7756	21
7755	21
7754	21
7753	22
7752	28
7751	22
7750	22
7749	26
7748	22
7747	27
7746	26
7745	27
7744	23
7743	24
7742	26
7741	21
7740	26
7739	27
7738	28
7737	23
7736	26
7735	24
7734	26
7733	28
7732	25
7731	28
7730	26
7729	28
7728	30
7727	27
7726	26
7725	23
7724	28
7723	23
7722	29
7721	30
7720	28
7719	27
7718	30
7717	21
7716	25
7715	27
7714	26
7713	30
7712	29
7711	25
7710	30
7709	25
7708	29
7707	28
7706	26
7705	24
7704	26
7703	30
7702	24
7701	30
7700	23
7699	22
7698	22
7697	21
7696	22
7695	30
7694	30
7693	23
7692	24
7691	22
7690	22
7689	29
7688	23
7687	24
7686	23
7685	22
7684	21
7683	28
7682	24
7681	29
7680	23
7679	22
7678	22
7677	26
7676	25
7675	22
7674	28
7673	26
7672	29
7671	21
7670	29
7669	28
7668	23
7667	27
7666	22
7665	27
7664	23
7663	26
7662	30
7661	26
7660	23
7659	30
7658	29
7657	30
7656	30
7655	25
7654	27
7653	30
7652	30
7651	26
7650	23
7649	23
7648	24
7647	26
7646	28
7645	25
7644	26
7643	30
7642	23
7641	30
7640	28
7639	28
7638	23
7637	27
7636	30
7635	23
7634	29
7633	29
7632	27
7631	21
7630	23
7629	21
7628	25
7627	23
7626	25
7625	22
7624	24
7623	23
7622	22
7621	25
7620	25
7619	27
7618	30
7617	22
7616	26
7615	21
7614	26
7613	26
7612	22
7611	26
7610	21
7609	25
7608	23
7607	22
7606	22
7605	29
7604	22
7603	24
7602	22
7601	28
7600	24
7599	28
7598	23
7597	23
7596	24
7595	30
7594	21
7593	29
7592	23
7591	28
7590	26
7589	30
7588	23
7587	27
7586	30
7585	29
7584	30
7583	30
7582	23
7581	25
7580	28
7579	21
7578	25
7577	22
7576	22
7575	30
7574	28
7573	22
7572	21
7571	30
7570	24
7569	27
7568	29
7567	28
7566	25
7565	23
7564	27
7563	29
7562	26
7561	22
7560	27
7559	29
7558	30
7557	28
7556	25
7555	27
7554	21
7553	21
7552	21
7551	26
7550	27
7549	26
7548	24
7547	23
7546	21
7545	28
7544	21
7543	27
7542	21
7541	29
7540	30
7539	24
7538	26
7537	28
7536	21
7535	29
7534	29
7533	26
7532	21
7531	21
7530	29
7529	22
7528	28
7527	24
7526	26
7525	29
7524	28
7523	29
7522	22
7521	25
7520	29
7519	24
7518	23
7517	29
7516	30
7515	23
7514	26
7513	23
7512	23
7511	28
7510	23
7509	30
7508	26
7507	22
7506	21
7505	28
7504	26
7503	22
7502	24
7501	26
7500	24
7499	29
7498	23
7497	25
7496	22
7495	26
7494	25
7493	25
7492	25
7491	28
7490	24
7489	27
7488	27
7487	23
7486	30
7485	25
7484	23
7483	30
7482	24
7481	23
7480	28
7479	23
7478	21
7477	25
7476	21
7475	24
7474	22
7473	22
7472	21
7471	21
7470	22
7469	27
7468	22
7467	24
7466	23
7465	22
7464	29
7463	28
7462	29
7461	30
7460	22
7459	28
7458	22
7457	30
7456	21
7455	24
7454	22
7453	24
7452	26
7451	23
7450	28
7449	29
7448	28
7447	29
7446	23
7445	26
7444	27
7443	22
7442	24
7441	28
7440	27
7439	26
7438	28
7437	25
7436	29
7435	25
7434	30
7433	26
7432	26
7431	22
7430	29
7429	24
7428	28
7427	21
7426	24
7425	29
7424	27
7423	22
7422	22
7421	24
7420	21
7419	24
7418	30
7417	24
7416	27
7415	25
7414	28
7413	26
7412	27
7411	24
7410	28
7409	29
7408	28
7407	26
7406	22
7405	30
7404	22
7403	30
7402	23
7401	25
7400	21
7399	25
7398	25
7397	24
7396	27
7395	28
7394	29
7393	24
7392	29
7391	27
7390	21
7389	28
7388	28
7387	24
7386	27
7385	21
7384	22
7383	28
7382	28
7381	27
7380	21
7379	30
7378	27
7377	22
7376	29
7375	28
7374	26
7373	21
7372	28
7371	22
7370	21
7369	28
7368	21
7367	24
7366	24
7365	21
7364	27
7363	30
7362	21
7361	22
7360	27
7359	24
7358	21
7357	25
7356	24
7355	21
7354	28
7353	27
7352	25
7351	23
7350	22
7349	25
7348	30
7347	21
7346	23
7345	25
7344	26
7343	24
7342	24
7341	21
7340	27
7339	23
7338	21
7337	30
7336	21
7335	26
7334	27
7333	29
7332	27
7331	23
7330	27
7329	22
7328	27
7327	28
7326	30
7325	28
7324	25
7323	27
7322	22
7321	28
7320	25
7319	28
7318	28
7317	29
7316	30
7315	25
7314	27
7313	29
7312	23
7311	21
7310	22
7309	23
7308	21
7307	29
7306	27
7305	25
7304	23
7303	24
7302	26
7301	23
7300	28
7299	28
7298	22
7297	26
7296	26
7295	26
7294	28
7293	25
7292	22
7291	30
7290	22
7289	27
7288	28
7287	24
7286	24
7285	27
7284	21
7283	22
7282	23
7281	29
7280	26
7279	28
7278	22
7277	21
7276	23
7275	28
7274	24
7273	30
7272	26
7271	27
7270	30
7269	26
7268	30
7267	28
7266	27
7265	29
7264	23
7263	25
7262	29
7261	27
7260	30
7259	28
7258	27
7257	23
7256	27
7255	28
7254	30
7253	21
7252	24
7251	22
7250	28
7249	21
7248	25
7247	22
7246	28
7245	23
7244	24
7243	23
7242	27
7241	22
7240	22
7239	27
7238	26
7237	23
7236	27
7235	25
7234	21
7233	24
7232	22
7231	29
7230	30
7229	27
7228	26
7227	30
7226	22
7225	26
7224	23
7223	23
7222	22
7221	24
7220	28
7219	21
7218	24
7217	22
7216	30
7215	30
7214	26
7213	23
7212	30
7211	30
7210	21
7209	30
7208	28
7207	27
7206	30
7205	26
7204	26
7203	28
7202	30
7201	28
7200	25
7199	25
7198	28
7197	23
7196	27
7195	30
7194	28
7193	24
7192	28
7191	22
7190	28
7189	30
7188	25
7187	22
7186	22
7185	23
7184	26
7183	23
7182	27
7181	26
7180	21
7179	21
7178	26
7177	25
7176	29
7175	28
7174	22
7173	29
7172	27
7171	25
7170	30
7169	25
7168	24
7167	24
7166	27
7165	21
7164	26
7163	30
7162	24
7161	26
7160	21
7159	21
7158	22
7157	23
7156	23
7155	21
7154	29
7153	21
7152	28
7151	21
7150	21
7149	23
7148	22
7147	30
7146	29
7145	23
7144	26
7143	25
7142	21
7141	26
7140	26
7139	21
7138	26
7137	29
7136	29
7135	21
7134	24
7133	21
7132	26
7131	30
7130	24
7129	22
7128	26
7127	27
7126	22
7125	22
7124	27
7123	22
7122	22
7121	28
7120	24
7119	25
7118	29
7117	25
7116	29
7115	29
7114	24
7113	24
7112	26
7111	23
7110	24
7109	28
7108	28
7107	28
7106	26
7105	28
7104	22
7103	27
7102	28
7101	23
7100	30
7099	26
7098	29
7097	26
7096	29
7095	27
7094	26
7093	29
7092	29
7091	27
7090	26
7089	22
7088	28
7087	26
7086	27
7085	28
7084	22
7083	27
7082	28
7081	21
7080	27
7079	24
7078	25
7077	29
7076	30
7075	26
7074	24
7073	27
7072	28
7071	24
7070	23
7069	26
7068	21
7067	23
7066	23
7065	22
7064	21
7063	26
7062	28
7061	26
7060	28
7059	24
7058	26
7057	21
7056	30
7055	29
7054	21
7053	30
7052	22
7051	25
7050	22
7049	25
7048	27
7047	25
7046	28
7045	23
7044	24
7043	28
7042	23
7041	28
7040	28
7039	25
7038	24
7037	24
7036	21
7035	25
7034	21
7033	28
7032	29
7031	21
7030	26
7029	30
7028	24
7027	28
7026	25
7025	28
7024	22
7023	23
7022	22
7021	27
7020	22
7019	29
7018	23
7017	25
7016	30
7015	27
7014	29
7013	23
7012	24
7011	24
7010	27
7009	25
7008	26
7007	23
7006	25
7005	30
7004	29
7003	24
7002	29
7001	22
7000	30
6999	28
6998	29
6997	23
6996	23
6995	27
6994	24
6993	29
6992	24
6991	30
6990	26
6989	24
6988	24
6987	24
6986	28
6985	25
6984	27
6983	27
6982	21
6981	29
6980	28
6979	22
6978	29
6977	21
6976	26
6975	25
6974	27
6973	30
6972	28
6971	22
6970	22
6969	30
6968	28
6967	28
6966	21
6965	21
6964	26
6963	28
6962	28
6961	24
6960	29
6959	23
6958	26
6957	25
6956	22
6955	25
6954	24
6953	22
6952	26
6951	26
6950	30
6949	29
6948	23
6947	28
6946	24
6945	25
6944	22
6943	24
6942	22
6941	24
6940	27
6939	29
6938	22
6937	24
6936	27
6935	24
6934	25
6933	25
6932	24
6931	30
6930	26
6929	30
6928	27
6927	27
6926	23
6925	22
6924	23
6923	22
6922	24
6921	25
6920	22
6919	25
6918	23
6917	22
6916	26
6915	24
6914	21
6913	26
6912	24
6911	28
6910	29
6909	21
6908	24
6907	23
6906	30
6905	30
6904	29
6903	29
6902	27
6901	29
6900	25
6899	26
6898	23
6897	26
6896	25
6895	23
6894	27
6893	28
6892	21
6891	30
6890	24
6889	28
6888	24
6887	30
6886	22
6885	28
6884	25
6883	24
6882	26
6881	21
6880	30
6879	30
6878	28
6877	21
6876	29
6875	21
6874	28
6873	29
6872	24
6871	30
6870	28
6869	27
6868	29
6867	30
6866	24
6865	23
6864	22
6863	22
6862	26
6861	25
6860	28
6859	22
6858	27
6857	30
6856	24
6855	24
6854	28
6853	23
6852	27
6851	26
6850	25
6849	22
6848	25
6847	29
6846	25
6845	30
6844	26
6843	27
6842	29
6841	24
6840	22
6839	22
6838	22
6837	23
6836	29
6835	23
6834	30
6833	22
6832	30
6831	29
6830	22
6829	29
6828	27
6827	28
6826	25
6825	30
6824	30
6823	22
6822	23
6821	26
6820	30
6819	27
6818	27
6817	29
6816	29
6815	24
6814	28
6813	30
6812	27
6811	23
6810	22
6809	25
6808	26
6807	23
6806	25
6805	21
6804	29
6803	27
6802	29
6801	23
6800	24
6799	22
6798	27
6797	26
6796	23
6795	28
6794	21
6793	21
6792	27
6791	23
6790	29
6789	21
6788	28
6787	29
6786	26
6785	23
6784	29
6783	26
6782	29
6781	21
6780	25
6779	25
6778	30
6777	25
6776	26
6775	28
6774	23
6773	26
6772	23
6771	21
6770	30
6769	30
6768	21
6767	26
6766	25
6765	21
6764	30
6763	28
6762	21
6761	23
6760	22
6759	22
6758	30
6757	30
6756	26
6755	24
6754	24
6753	25
6752	24
6751	29
6750	22
6749	26
6748	28
6747	27
6746	26
6745	28
6744	29
6743	24
6742	28
6741	27
6740	26
6739	28
6738	27
6737	30
6736	27
6735	22
6734	24
6733	22
6732	22
6731	30
6730	28
6729	27
6728	25
6727	23
6726	24
6725	21
6724	26
6723	29
6722	27
6721	22
6720	24
6719	30
6718	29
6717	24
6716	23
6715	24
6714	23
6713	23
6712	22
6711	30
6710	30
6709	22
6708	25
6707	24
6706	29
6705	21
6704	22
6703	29
6702	23
6701	29
6700	24
6699	21
6698	26
6697	22
6696	21
6695	27
6694	21
6693	27
6692	27
6691	25
6690	29
6689	29
6688	24
6687	21
6686	29
6685	25
6684	30
6683	22
6682	26
6681	27
6680	29
6679	29
6678	21
6677	21
6676	30
6675	22
6674	26
6673	27
6672	27
6671	26
6670	25
6669	23
6668	25
6667	29
6666	28
6665	24
6664	22
6663	29
6662	21
6661	21
6660	27
6659	26
6658	23
6657	26
6656	26
6655	28
6654	28
6653	27
6652	25
6651	27
6650	23
6649	26
6648	21
6647	23
6646	23
6645	30
6644	21
6643	25
6642	23
6641	28
6640	27
6639	25
6638	24
6637	22
6636	30
6635	24
6634	30
6633	21
6632	25
6631	22
6630	28
6629	24
6628	24
6627	23
6626	21
6625	24
6624	23
6623	21
6622	25
6621	24
6620	27
6619	25
6618	25
6617	25
6616	30
6615	21
6614	24
6613	25
6612	27
6611	27
6610	29
6609	25
6608	28
6607	25
6606	25
6605	25
6604	28
6603	26
6602	21
6601	24
6600	29
6599	27
6598	22
6597	24
6596	27
6595	24
6594	25
6593	24
6592	26
6591	26
6590	22
6589	30
6588	24
6587	24
6586	26
6585	29
6584	22
6583	28
6582	30
6581	25
6580	22
6579	30
6578	25
6577	27
6576	30
6575	25
6574	21
6573	26
6572	26
6571	28
6570	22
6569	25
6568	26
6567	26
6566	29
6565	26
6564	27
6563	26
6562	30
6561	24
6560	28
6559	24
6558	29
6557	30
6556	23
6555	21
6554	21
6553	21
6552	21
6551	25
6550	27
6549	27
6548	30
6547	28
6546	24
6545	27
6544	30
6543	28
6542	30
6541	21
6540	26
6539	24
6538	26
6537	26
6536	25
6535	30
6534	23
6533	25
6532	22
6531	21
6530	28
6529	22
6528	26
6527	21
6526	21
6525	30
6524	27
6523	22
6522	29
6521	24
6520	27
6519	27
6518	23
6517	30
6516	26
6515	23
6514	21
6513	29
6512	27
6511	25
6510	27
6509	26
6508	26
6507	28
6506	30
6505	21
6504	24
6503	28
6502	26
6501	29
6500	28
6499	30
6498	26
6497	27
6496	30
6495	28
6494	26
6493	24
6492	22
6491	29
6490	30
6489	28
6488	28
6487	23
6486	24
6485	24
6484	23
6483	28
6482	29
6481	26
6480	27
6479	24
6478	22
6477	29
6476	30
6475	24
6474	23
6473	28
6472	21
6471	23
6470	25
6469	26
6468	26
6467	28
6466	24
6465	29
6464	28
6463	28
6462	23
6461	23
6460	28
6459	22
6458	29
6457	27
6456	27
6455	29
6454	21
6453	27
6452	27
6451	25
6450	25
6449	21
6448	21
6447	28
6446	21
6445	27
6444	24
6443	30
6442	28
6441	23
6440	21
6439	30
6438	24
6437	26
6436	26
6435	27
6434	25
6433	26
6432	22
6431	28
6430	23
6429	21
6428	29
6427	21
6426	30
6425	26
6424	29
6423	22
6422	26
6421	29
6420	30
6419	28
6418	22
6417	30
6416	24
6415	21
6414	21
6413	25
6412	30
6411	22
6410	25
6409	26
6408	23
6407	24
6406	22
6405	25
6404	24
6403	29
6402	21
6401	28
6400	29
6399	26
6398	24
6397	23
6396	28
6395	27
6394	23
6393	25
6392	22
6391	25
6390	24
6389	23
6388	27
6387	27
6386	30
6385	22
6384	26
6383	25
6382	28
6381	25
6380	22
6379	22
6378	30
6377	21
6376	30
6375	27
6374	23
6373	26
6372	21
6371	21
6370	25
6369	25
6368	27
6367	21
6366	30
6365	27
6364	27
6363	26
6362	21
6361	22
6360	28
6359	27
6358	25
6357	30
6356	28
6355	29
6354	23
6353	24
6352	28
6351	22
6350	27
6349	25
6348	27
6347	27
6346	28
6345	21
6344	24
6343	24
6342	24
6341	22
6340	30
6339	26
6338	22
6337	23
6336	27
6335	25
6334	23
6333	21
6332	21
6331	24
6330	23
6329	29
6328	23
6327	25
6326	24
6325	25
6324	30
6323	28
6322	24
6321	24
6320	26
6319	23
6318	26
6317	29
6316	25
6315	23
6314	23
6313	26
6312	25
6311	22
6310	23
6309	25
6308	25
6307	28
6306	29
6305	26
6304	24
6303	22
6302	23
6301	30
6300	23
6299	21
6298	30
6297	21
6296	25
6295	21
6294	21
6293	30
6292	30
6291	26
6290	25
6289	27
6288	26
6287	24
6286	29
6285	21
6284	26
6283	30
6282	23
6281	26
6280	22
6279	22
6278	24
6277	22
6276	26
6275	24
6274	21
6273	22
6272	26
6271	24
6270	24
6269	28
6268	30
6267	23
6266	21
6265	29
6264	22
6263	30
6262	26
6261	29
6260	21
6259	23
6258	22
6257	26
6256	22
6255	23
6254	24
6253	30
6252	25
6251	27
6250	27
6249	30
6248	22
6247	27
6246	25
6245	26
6244	26
6243	28
6242	21
6241	28
6240	29
6239	28
6238	30
6237	27
6236	23
6235	24
6234	21
6233	22
6232	29
6231	27
6230	21
6229	26
6228	30
6227	25
6226	24
6225	25
6224	22
6223	21
6222	26
6221	22
6220	21
6219	26
6218	29
6217	29
6216	22
6215	27
6214	27
6213	22
6212	25
6211	21
6210	26
6209	30
6208	28
6207	28
6206	21
6205	23
6204	25
6203	26
6202	29
6201	22
6200	25
6199	21
6198	26
6197	27
6196	28
6195	23
6194	25
6193	21
6192	26
6191	21
6190	29
6189	28
6188	22
6187	24
6186	22
6185	23
6184	24
6183	21
6182	27
6181	26
6180	29
6179	21
6178	23
6177	24
6176	28
6175	26
6174	21
6173	26
6172	24
6171	24
6170	22
6169	26
6168	22
6167	25
6166	21
6165	25
6164	30
6163	22
6162	24
6161	25
6160	25
6159	27
6158	24
6157	30
6156	28
6155	22
6154	27
6153	25
6152	28
6151	22
6150	30
6149	26
6148	22
6147	21
6146	27
6145	25
6144	23
6143	25
6142	25
6141	21
6140	28
6139	22
6138	29
6137	23
6136	30
6135	29
6134	22
6133	21
6132	21
6131	28
6130	24
6129	23
6128	26
6127	25
6126	23
6125	22
6124	29
6123	24
6122	29
6121	22
6120	27
6119	21
6118	21
6117	26
6116	22
6115	28
6114	28
6113	28
6112	30
6111	30
6110	22
6109	23
6108	30
6107	28
6106	23
6105	29
6104	21
6103	28
6102	29
6101	25
6100	22
6099	26
6098	24
6097	26
6096	25
6095	21
6094	22
6093	23
6092	24
6091	24
6090	25
6089	29
6088	24
6087	25
6086	26
6085	23
6084	21
6083	30
6082	25
6081	21
6080	24
6079	29
6078	26
6077	21
6076	23
6075	27
6074	27
6073	24
6072	25
6071	25
6070	28
6069	29
6068	21
6067	26
6066	27
6065	21
6064	26
6063	26
6062	23
6061	29
6060	22
6059	27
6058	28
6057	21
6056	29
6055	27
6054	21
6053	29
6052	27
6051	29
6050	30
6049	21
6048	27
6047	28
6046	28
6045	23
6044	27
6043	27
6042	21
6041	21
6040	30
6039	25
6038	21
6037	21
6036	29
6035	21
6034	22
6033	23
6032	29
6031	25
6030	21
6029	26
6028	23
6027	27
6026	22
6025	24
6024	22
6023	29
6022	30
6021	26
6020	28
6019	22
6018	22
6017	27
6016	23
6015	23
6014	26
6013	27
6012	26
6011	27
6010	30
6009	22
6008	25
6007	29
6006	24
6005	25
6004	22
6003	29
6002	28
6001	25
6000	22
5999	22
5998	26
5997	26
5996	23
5995	22
5994	27
5993	30
5992	28
5991	24
5990	22
5989	27
5988	22
5987	21
5986	25
5985	24
5984	29
5983	25
5982	23
5981	29
5980	30
5979	23
5978	24
5977	25
5976	28
5975	29
5974	30
5973	30
5972	26
5971	23
5970	24
5969	25
5968	29
5967	27
5966	27
5965	21
5964	23
5963	30
5962	29
5961	28
5960	24
5959	23
5958	22
5957	22
5956	21
5955	26
5954	28
5953	28
5952	28
5951	29
5950	23
5949	26
5948	30
5947	21
5946	23
5945	29
5944	24
5943	24
5942	21
5941	22
5940	30
5939	24
5938	25
5937	29
5936	21
5935	26
5934	29
5933	24
5932	26
5931	21
5930	30
5929	25
5928	24
5927	22
5926	28
5925	29
5924	25
5923	25
5922	25
5921	26
5920	28
5919	23
5918	27
5917	27
5916	21
5915	29
5914	24
5913	25
5912	28
5911	23
5910	22
5909	25
5908	25
5907	22
5906	22
5905	26
5904	24
5903	28
5902	24
5901	28
5900	26
5899	21
5898	29
5897	26
5896	29
5895	30
5894	23
5893	27
5892	29
5891	28
5890	23
5889	27
5888	28
5887	27
5886	21
5885	23
5884	21
5883	24
5882	29
5881	23
5880	22
5879	29
5878	21
5877	28
5876	27
5875	21
5874	22
5873	25
5872	25
5871	26
5870	24
5869	22
5868	25
5867	28
5866	27
5865	30
5864	22
5863	27
5862	23
5861	26
5860	27
5859	27
5858	24
5857	21
5856	30
5855	26
5854	21
5853	22
5852	22
5851	22
5850	26
5849	28
5848	27
5847	25
5846	25
5845	27
5844	28
5843	26
5842	21
5841	29
5840	27
5839	26
5838	27
5837	21
5836	21
5835	25
5834	23
5833	23
5832	29
5831	29
5830	22
5829	28
5828	27
5827	24
5826	25
5825	23
5824	26
5823	24
5822	25
5821	30
5820	21
5819	30
5818	24
5817	24
5816	26
5815	25
5814	28
5813	22
5812	27
5811	27
5810	27
5809	25
5808	24
5807	22
5806	29
5805	22
5804	25
5803	26
5802	21
5801	25
5800	22
5799	23
5798	21
5797	22
5796	26
5795	24
5794	27
5793	26
5792	24
5791	28
5790	29
5789	25
5788	24
5787	30
5786	28
5785	22
5784	25
5783	24
5782	26
5781	30
5780	24
5779	26
5778	23
5777	29
5776	25
5775	21
5774	26
5773	24
5772	30
5771	21
5770	30
5769	21
5768	24
5767	26
5766	26
5765	22
5764	29
5763	25
5762	29
5761	28
5760	23
5759	27
5758	29
5757	26
5756	27
5755	22
5754	21
5753	25
5752	30
5751	26
5750	27
5749	27
5748	24
5747	29
5746	21
5745	23
5744	29
5743	25
5742	24
5741	22
5740	28
5739	23
5738	26
5737	27
5736	30
5735	30
5734	30
5733	30
5732	24
5731	21
5730	26
5729	30
5728	26
5727	27
5726	23
5725	29
5724	26
5723	29
5722	22
5721	21
5720	24
5719	29
5718	21
5717	25
5716	25
5715	28
5714	30
5713	26
5712	26
5711	25
5710	23
5709	24
5708	23
5707	27
5706	24
5705	29
5704	26
5703	29
5702	25
5701	22
5700	29
5699	25
5698	25
5697	23
5696	28
5695	29
5694	23
5693	28
5692	29
5691	23
5690	30
5689	25
5688	26
5687	21
5686	26
5685	29
5684	29
5683	27
5682	25
5681	23
5680	24
5679	22
5678	27
5677	26
5676	24
5675	21
5674	26
5673	29
5672	23
5671	23
5670	27
5669	23
5668	24
5667	28
5666	25
5665	23
5664	24
5663	26
5662	29
5661	22
5660	24
5659	30
5658	26
5657	24
5656	22
5655	22
5654	30
5653	29
5652	29
5651	27
5650	22
5649	27
5648	22
5647	28
5646	30
5645	29
5644	23
5643	26
5642	25
5641	26
5640	22
5639	25
5638	28
5637	22
5636	26
5635	26
5634	24
5633	29
5632	26
5631	29
5630	24
5629	23
5628	29
5627	24
5626	26
5625	29
5624	22
5623	29
5622	29
5621	21
5620	25
5619	26
5618	28
5617	23
5616	29
5615	22
5614	30
5613	29
5612	26
5611	22
5610	22
5609	21
5608	27
5607	28
5606	28
5605	22
5604	22
5603	22
5602	28
5601	22
5600	29
5599	25
5598	22
5597	27
5596	29
5595	21
5594	24
5593	26
5592	21
5591	28
5590	21
5589	22
5588	24
5587	24
5586	23
5585	23
5584	23
5583	29
5582	30
5581	22
5580	23
5579	30
5578	24
5577	29
5576	22
5575	30
5574	29
5573	25
5572	24
5571	22
5570	26
5569	29
5568	21
5567	23
5566	24
5565	25
5564	25
5563	21
5562	21
5561	24
5560	30
5559	24
5558	30
5557	26
5556	28
5555	25
5554	24
5553	24
5552	30
5551	30
5550	26
5549	21
5548	24
5547	24
5546	23
5545	24
5544	22
5543	29
5542	26
5541	26
5540	30
5539	25
5538	22
5537	22
5536	23
5535	26
5534	28
5533	27
5532	24
5531	24
5530	21
5529	28
5528	29
5527	24
5526	26
5525	27
5524	25
5523	27
5522	28
5521	23
5520	29
5519	22
5518	21
5517	21
5516	29
5515	27
5514	29
5513	23
5512	22
5511	30
5510	23
5509	22
5508	21
5507	29
5506	30
5505	30
5504	30
5503	22
5502	23
5501	27
5500	29
5499	29
5498	28
5497	22
5496	29
5495	27
5494	25
5493	22
5492	29
5491	23
5490	30
5489	30
5488	29
5487	26
5486	21
5485	29
5484	30
5483	30
5482	23
5481	29
5480	24
5479	25
5478	25
5477	23
5476	23
5475	23
5474	29
5473	26
5472	30
5471	26
5470	29
5469	28
5468	21
5467	26
5466	25
5465	29
5464	21
5463	24
5462	21
5461	21
5460	22
5459	29
5458	21
5457	28
5456	28
5455	27
5454	27
5453	25
5452	25
5451	29
5450	26
5449	26
5448	23
5447	27
5446	30
5445	25
5444	24
5443	24
5442	29
5441	28
5440	28
5439	21
5438	29
5437	28
5436	28
5435	29
5434	24
5433	26
5432	27
5431	29
5430	29
5429	28
5428	23
5427	27
5426	22
5425	30
5424	21
5423	21
5422	21
5421	22
5420	26
5419	22
5418	22
5417	27
5416	27
5415	29
5414	28
5413	30
5412	28
5411	30
5410	27
5409	21
5408	24
5407	23
5406	30
5405	23
5404	30
5403	27
5402	30
5401	25
5400	29
5399	27
5398	25
5397	25
5396	21
5395	21
5394	28
5393	30
5392	25
5391	25
5390	25
5389	28
5388	23
5387	22
5386	27
5385	27
5384	29
5383	25
5382	28
5381	24
5380	27
5379	23
5378	30
5377	24
5376	28
5375	29
5374	30
5373	23
5372	22
5371	21
5370	24
5369	23
5368	26
5367	21
5366	22
5365	29
5364	25
5363	23
5362	23
5361	27
5360	30
5359	24
5358	21
5357	26
5356	26
5355	28
5354	24
5353	30
5352	26
5351	22
5350	30
5349	22
5348	27
5347	27
5346	25
5345	29
5344	26
5343	25
5342	22
5341	30
5340	25
5339	21
5338	27
5337	29
5336	21
5335	23
5334	21
5333	24
5332	28
5331	21
5330	30
5329	24
5328	25
5327	26
5326	29
5325	22
5324	22
5323	28
5322	24
5321	23
5320	30
5319	23
5318	25
5317	27
5316	21
5315	30
5314	21
5313	23
5312	28
5311	21
5310	25
5309	21
5308	25
5307	28
5306	24
5305	27
5304	28
5303	22
5302	30
5301	24
5300	28
5299	30
5298	29
5297	29
5296	28
5295	22
5294	27
5293	22
5292	27
5291	21
5290	26
5289	21
5288	23
5287	23
5286	24
5285	25
5284	23
5283	23
5282	27
5281	21
5280	28
5279	29
5278	27
5277	27
5276	22
5275	30
5274	22
5273	26
5272	22
5271	24
5270	24
5269	22
5268	27
5267	28
5266	27
5265	25
5264	25
5263	26
5262	27
5261	21
5260	21
5259	28
5258	30
5257	27
5256	30
5255	29
5254	25
5253	21
5252	23
5251	26
5250	22
5249	27
5248	23
5247	27
5246	22
5245	26
5244	27
5243	27
5242	26
5241	21
5240	28
5239	22
5238	28
5237	30
5236	26
5235	27
5234	22
5233	23
5232	26
5231	21
5230	25
5229	29
5228	21
5227	27
5226	29
5225	27
5224	28
5223	23
5222	22
5221	22
5220	25
5219	25
5218	27
5217	22
5216	22
5215	24
5214	27
5213	28
5212	22
5211	24
5210	21
5209	25
5208	30
5207	22
5206	28
5205	21
5204	25
5203	29
5202	27
5201	29
5200	23
5199	25
5198	21
5197	26
5196	30
5195	23
5194	27
5193	22
5192	25
5191	28
5190	21
5189	27
5188	26
5187	27
5186	23
5185	21
5184	29
5183	24
5182	29
5181	21
5180	25
5179	27
5178	22
5177	24
5176	24
5175	28
5174	24
5173	21
5172	28
5171	28
5170	24
5169	26
5168	30
5167	22
5166	29
5165	24
5164	30
5163	28
5162	29
5161	21
5160	22
5159	28
5158	22
5157	26
5156	27
5155	22
5154	29
5153	24
5152	30
5151	30
5150	30
5149	22
5148	29
5147	26
5146	24
5145	29
5144	21
5143	27
5142	26
5141	25
5140	28
5139	29
5138	26
5137	27
5136	26
5135	29
5134	21
5133	28
5132	27
5131	29
5130	27
5129	28
5128	23
5127	25
5126	21
5125	27
5124	30
5123	29
5122	24
5121	28
5120	25
5119	21
5118	22
5117	25
5116	29
5115	21
5114	24
5113	29
5112	24
5111	25
5110	30
5109	24
5108	21
5107	26
5106	21
5105	28
5104	26
5103	26
5102	23
5101	25
5100	25
5099	30
5098	22
5097	24
5096	25
5095	28
5094	22
5093	22
5092	30
5091	21
5090	23
5089	24
5088	28
5087	24
5086	29
5085	26
5084	27
5083	24
5082	25
5081	26
5080	23
5079	25
5078	28
5077	21
5076	29
5075	21
5074	24
5073	30
5072	24
5071	22
5070	30
5069	26
5068	27
5067	23
5066	25
5065	29
5064	23
5063	24
5062	29
5061	24
5060	27
5059	24
5058	21
5057	29
5056	21
5055	28
5054	22
5053	24
5052	21
5051	29
5050	24
5049	23
5048	29
5047	23
5046	24
5045	28
5044	22
5043	26
5042	28
5041	24
5040	30
5039	25
5038	22
5037	25
5036	30
5035	29
5034	21
5033	22
5032	25
5031	29
5030	24
5029	21
5028	21
5027	22
5026	22
5025	25
5024	29
5023	25
5022	27
5021	21
5020	22
5019	28
5018	23
5017	23
5016	23
5015	22
5014	29
5013	23
5012	28
5011	29
5010	24
5009	25
5008	22
5007	21
5006	24
5005	25
5004	30
5003	22
5002	27
5001	22
5000	28
4999	28
4998	22
4997	25
4996	27
4995	28
4994	21
4993	28
4992	27
4991	30
4990	21
4989	25
4988	24
4987	22
4986	29
4985	22
4984	25
4983	27
4982	22
4981	27
4980	27
4979	24
4978	23
4977	27
4976	24
4975	27
4974	26
4973	21
4972	29
4971	22
4970	28
4969	26
4968	28
4967	30
4966	22
4965	27
4964	25
4963	26
4962	24
4961	26
4960	27
4959	22
4958	26
4957	26
4956	28
4955	27
4954	26
4953	25
4952	29
4951	22
4950	21
4949	22
4948	27
4947	28
4946	24
4945	29
4944	28
4943	27
4942	29
4941	23
4940	24
4939	29
4938	21
4937	25
4936	21
4935	24
4934	30
4933	23
4932	24
4931	30
4930	26
4929	22
4928	21
4927	22
4926	23
4925	25
4924	26
4923	23
4922	27
4921	29
4920	28
4919	24
4918	29
4917	22
4916	25
4915	21
4914	30
4913	28
4912	23
4911	30
4910	25
4909	23
4908	24
4907	25
4906	23
4905	25
4904	29
4903	27
4902	21
4901	21
4900	24
4899	28
4898	21
4897	22
4896	23
4895	21
4894	24
4893	28
4892	22
4891	30
4890	30
4889	24
4888	21
4887	30
4886	23
4885	22
4884	28
4883	21
4882	22
4881	22
4880	23
4879	24
4878	27
4877	21
4876	21
4875	28
4874	21
4873	22
4872	26
4871	24
4870	24
4869	24
4868	29
4867	30
4866	26
4865	28
4864	29
4863	24
4862	27
4861	23
4860	25
4859	25
4858	22
4857	23
4856	30
4855	23
4854	25
4853	30
4852	23
4851	23
4850	25
4849	24
4848	23
4847	26
4846	28
4845	21
4844	27
4843	27
4842	29
4841	23
4840	22
4839	27
4838	29
4837	26
4836	26
4835	22
4834	26
4833	25
4832	27
4831	27
4830	28
4829	29
4828	28
4827	22
4826	22
4825	21
4824	28
4823	24
4822	28
4821	22
4820	25
4819	26
4818	29
4817	29
4816	22
4815	23
4814	28
4813	30
4812	22
4811	26
4810	30
4809	21
4808	26
4807	25
4806	21
4805	27
4804	28
4803	28
4802	22
4801	22
4800	30
4799	29
4798	27
4797	24
4796	25
4795	21
4794	23
4793	26
4792	23
4791	29
4790	22
4789	26
4788	21
4787	28
4786	21
4785	29
4784	28
4783	23
4782	21
4781	26
4780	27
4779	30
4778	24
4777	29
4776	21
4775	25
4774	30
4773	26
4772	23
4771	25
4770	21
4769	30
4768	24
4767	21
4766	26
4765	21
4764	26
4763	22
4762	24
4761	27
4760	23
4759	21
4758	25
4757	26
4756	21
4755	26
4754	27
4753	29
4752	26
4751	27
4750	25
4749	22
4748	25
4747	24
4746	30
4745	30
4744	23
4743	28
4742	22
4741	27
4740	29
4739	29
4738	28
4737	28
4736	28
4735	29
4734	27
4733	24
4732	24
4731	21
4730	22
4729	29
4728	28
4727	28
4726	21
4725	21
4724	28
4723	26
4722	26
4721	22
4720	29
4719	24
4718	28
4717	22
4716	30
4715	25
4714	24
4713	26
4712	30
4711	29
4710	29
4709	22
4708	27
4707	22
4706	22
4705	30
4704	27
4703	27
4702	24
4701	23
4700	23
4699	25
4698	24
4697	30
4696	26
4695	30
4694	22
4693	30
4692	24
4691	28
4690	30
4689	28
4688	27
4687	25
4686	24
4685	22
4684	24
4683	25
4682	29
4681	30
4680	22
4679	24
4678	27
4677	25
4676	29
4675	21
4674	26
4673	29
4672	23
4671	28
4670	25
4669	22
4668	25
4667	25
4666	29
4665	27
4664	29
4663	29
4662	28
4661	25
4660	25
4659	29
4658	28
4657	30
4656	26
4655	21
4654	29
4653	23
4652	24
4651	30
4650	23
4649	25
4648	27
4647	26
4646	28
4645	29
4644	28
4643	27
4642	25
4641	23
4640	29
4639	30
4638	24
4637	21
4636	29
4635	25
4634	28
4633	23
4632	21
4631	23
4630	27
4629	24
4628	28
4627	29
4626	30
4625	23
4624	27
4623	26
4622	24
4621	25
4620	28
4619	29
4618	27
4617	21
4616	29
4615	24
4614	22
4613	23
4612	23
4611	26
4610	30
4609	25
4608	25
4607	26
4606	23
4605	21
4604	26
4603	26
4602	24
4601	21
4600	30
4599	23
4598	29
4597	21
4596	23
4595	29
4594	22
4593	28
4592	27
4591	27
4590	24
4589	30
4588	26
4587	27
4586	27
4585	21
4584	21
4583	25
4582	25
4581	22
4580	21
4579	29
4578	26
4577	26
4576	30
4575	21
4574	21
4573	22
4572	22
4571	23
4570	28
4569	23
4568	22
4567	23
4566	22
4565	24
4564	23
4563	26
4562	25
4561	21
4560	26
4559	28
4558	29
4557	30
4556	27
4555	23
4554	28
4553	26
4552	29
4551	28
4550	21
4549	24
4548	30
4547	24
4546	27
4545	28
4544	23
4543	21
4542	28
4541	25
4540	27
4539	24
4538	30
4537	22
4536	22
4535	28
4534	30
4533	28
4532	27
4531	25
4530	23
4529	21
4528	28
4527	25
4526	22
4525	28
4524	26
4523	30
4522	23
4521	24
4520	22
4519	29
4518	22
4517	28
4516	22
4515	27
4514	22
4513	23
4512	23
4511	25
4510	25
4509	26
4508	26
4507	22
4506	27
4505	21
4504	30
4503	29
4502	21
4501	22
4500	21
4499	23
4498	28
4497	23
4496	26
4495	28
4494	29
4493	28
4492	29
4491	24
4490	21
4489	30
4488	21
4487	21
4486	30
4485	21
4484	29
4483	29
4482	23
4481	21
4480	25
4479	29
4478	26
4477	21
4476	23
4475	21
4474	27
4473	24
4472	25
4471	27
4470	23
4469	27
4468	29
4467	24
4466	21
4465	25
4464	27
4463	27
4462	27
4461	30
4460	24
4459	30
4458	21
4457	27
4456	30
4455	21
4454	29
4453	27
4452	27
4451	28
4450	29
4449	28
4448	21
4447	25
4446	24
4445	27
4444	28
4443	24
4442	23
4441	28
4440	28
4439	25
4438	22
4437	23
4436	23
4435	27
4434	21
4433	21
4432	29
4431	25
4430	30
4429	27
4428	24
4427	30
4426	26
4425	23
4424	26
4423	26
4422	24
4421	22
4420	23
4419	27
4418	26
4417	21
4416	25
4415	27
4414	25
4413	26
4412	26
4411	26
4410	23
4409	28
4408	25
4407	25
4406	21
4405	30
4404	28
4403	30
4402	26
4401	30
4400	25
4399	22
4398	21
4397	29
4396	24
4395	28
4394	23
4393	23
4392	28
4391	27
4390	23
4389	30
4388	25
4387	25
4386	25
4385	23
4384	21
4383	21
4382	30
4381	26
4380	28
4379	28
4378	26
4377	23
4376	28
4375	28
4374	28
4373	28
4372	30
4371	21
4370	24
4369	26
4368	28
4367	21
4366	26
4365	30
4364	28
4363	21
4362	27
4361	26
4360	24
4359	24
4358	21
4357	29
4356	26
4355	29
4354	30
4353	25
4352	24
4351	22
4350	22
4349	25
4348	22
4347	30
4346	27
4345	29
4344	30
4343	21
4342	22
4341	30
4340	23
4339	22
4338	26
4337	27
4336	26
4335	23
4334	29
4333	27
4332	28
4331	27
4330	27
4329	26
4328	22
4327	30
4326	21
4325	28
4324	28
4323	24
4322	25
4321	23
4320	28
4319	26
4318	27
4317	26
4316	26
4315	29
4314	29
4313	24
4312	30
4311	22
4310	30
4309	29
4308	27
4307	30
4306	28
4305	29
4304	22
4303	27
4302	28
4301	24
4300	29
4299	24
4298	29
4297	30
4296	23
4295	27
4294	23
4293	24
4292	23
4291	22
4290	29
4289	24
4288	28
4287	28
4286	25
4285	27
4284	21
4283	23
4282	27
4281	27
4280	26
4279	24
4278	28
4277	28
4276	22
4275	23
4274	22
4273	22
4272	26
4271	26
4270	27
4269	23
4268	23
4267	28
4266	24
4265	25
4264	24
4263	25
4262	28
4261	25
4260	30
4259	24
4258	30
4257	25
4256	25
4255	21
4254	28
4253	22
4252	22
4251	22
4250	22
4249	21
4248	25
4247	27
4246	23
4245	21
4244	28
4243	28
4242	25
4241	29
4240	24
4239	30
4238	26
4237	25
4236	22
4235	25
4234	24
4233	21
4232	21
4231	22
4230	23
4229	22
4228	29
4227	26
4226	24
4225	28
4224	27
4223	28
4222	28
4221	28
4220	21
4219	30
4218	23
4217	29
4216	30
4215	22
4214	26
4213	30
4212	22
4211	22
4210	25
4209	22
4208	30
4207	28
4206	23
4205	24
4204	29
4203	21
4202	28
4201	21
4200	30
4199	30
4198	30
4197	26
4196	29
4195	26
4194	26
4193	22
4192	26
4191	30
4190	23
4189	29
4188	28
4187	21
4186	21
4185	26
4184	25
4183	25
4182	23
4181	29
4180	26
4179	30
4178	27
4177	23
4176	28
4175	21
4174	24
4173	22
4172	30
4171	22
4170	28
4169	26
4168	26
4167	28
4166	23
4165	26
4164	27
4163	28
4162	27
4161	28
4160	25
4159	25
4158	27
4157	21
4156	24
4155	26
4154	23
4153	24
4152	22
4151	26
4150	24
4149	28
4148	24
4147	25
4146	27
4145	23
4144	28
4143	30
4142	29
4141	21
4140	25
4139	29
4138	27
4137	27
4136	30
4135	22
4134	28
4133	24
4132	29
4131	27
4130	23
4129	23
4128	23
4127	30
4126	25
4125	21
4124	21
4123	29
4122	24
4121	22
4120	24
4119	28
4118	27
4117	24
4116	25
4115	21
4114	21
4113	27
4112	23
4111	24
4110	24
4109	24
4108	22
4107	24
4106	24
4105	26
4104	29
4103	27
4102	27
4101	26
4100	27
4099	21
4098	21
4097	23
4096	30
4095	22
4094	24
4093	27
4092	25
4091	26
4090	29
4089	27
4088	24
4087	27
4086	26
4085	22
4084	21
4083	23
4082	26
4081	27
4080	26
4079	27
4078	30
4077	25
4076	29
4075	29
4074	26
4073	23
4072	25
4071	30
4070	24
4069	24
4068	27
4067	24
4066	29
4065	27
4064	21
4063	22
4062	30
4061	23
4060	21
4059	27
4058	27
4057	27
4056	22
4055	24
4054	23
4053	24
4052	28
4051	23
4050	24
4049	28
4048	29
4047	22
4046	27
4045	26
4044	22
4043	24
4042	23
4041	30
4040	24
4039	30
4038	25
4037	25
4036	28
4035	30
4034	22
4033	22
4032	29
4031	21
4030	26
4029	28
4028	27
4027	28
4026	21
4025	21
4024	27
4023	25
4022	26
4021	24
4020	28
4019	27
4018	25
4017	23
4016	28
4015	22
4014	28
4013	24
4012	24
4011	21
4010	27
4009	26
4008	23
4007	25
4006	28
4005	21
4004	25
4003	21
4002	27
4001	26
4000	24
3999	21
3998	21
3997	22
3996	27
3995	28
3994	21
3993	24
3992	27
3991	29
3990	28
3989	24
3988	21
3987	27
3986	30
3985	24
3984	23
3983	24
3982	21
3981	29
3980	25
3979	29
3978	25
3977	21
3976	21
3975	24
3974	23
3973	26
3972	30
3971	30
3970	27
3969	30
3968	28
3967	27
3966	27
3965	21
3964	23
3963	29
3962	24
3961	30
3960	21
3959	21
3958	30
3957	30
3956	25
3955	28
3954	26
3953	22
3952	30
3951	29
3950	25
3949	21
3948	27
3947	24
3946	26
3945	23
3944	26
3943	29
3942	25
3941	23
3940	29
3939	28
3938	30
3937	24
3936	22
3935	26
3934	27
3933	23
3932	23
3931	25
3930	26
3929	24
3928	30
3927	29
3926	30
3925	27
3924	29
3923	24
3922	28
3921	30
3920	21
3919	21
3918	24
3917	23
3916	25
3915	24
3914	29
3913	29
3912	21
3911	22
3910	29
3909	24
3908	30
3907	21
3906	25
3905	29
3904	23
3903	27
3902	23
3901	25
3900	29
3899	28
3898	24
3897	29
3896	22
3895	26
3894	27
3893	27
3892	23
3891	25
3890	27
3889	27
3888	27
3887	27
3886	21
3885	29
3884	29
3883	29
3882	27
3881	22
3880	25
3879	21
3878	27
3877	23
3876	22
3875	26
3874	21
3873	28
3872	21
3871	27
3870	25
3869	30
3868	26
3867	28
3866	24
3865	21
3864	30
3863	21
3862	28
3861	30
3860	23
3859	27
3858	21
3857	28
3856	28
3855	22
3854	27
3853	25
3852	25
3851	27
3850	30
3849	29
3848	27
3847	25
3846	30
3845	23
3844	24
3843	22
3842	23
3841	30
3840	29
3839	22
3838	23
3837	23
3836	30
3835	29
3834	21
3833	21
3832	28
3831	21
3830	23
3829	27
3828	22
3827	30
3826	22
3825	25
3824	25
3823	23
3822	28
3821	24
3820	27
3819	29
3818	26
3817	21
3816	30
3815	22
3814	22
3813	22
3812	28
3811	27
3810	25
3809	22
3808	29
3807	29
3806	29
3805	28
3804	27
3803	22
3802	30
3801	26
3800	26
3799	29
3798	27
3797	30
3796	26
3795	29
3794	25
3793	28
3792	23
3791	27
3790	30
3789	24
3788	29
3787	25
3786	24
3785	28
3784	27
3783	26
3782	27
3781	22
3780	24
3779	22
3778	25
3777	22
3776	21
3775	25
3774	21
3773	21
3772	29
3771	23
3770	24
3769	26
3768	21
3767	29
3766	24
3765	26
3764	23
3763	26
3762	22
3761	28
3760	24
3759	30
3758	21
3757	25
3756	23
3755	23
3754	27
3753	21
3752	27
3751	24
3750	25
3749	30
3748	23
3747	22
3746	30
3745	26
3744	23
3743	29
3742	27
3741	28
3740	23
3739	28
3738	22
3737	24
3736	24
3735	22
3734	22
3733	25
3732	30
3731	25
3730	21
3729	28
3728	27
3727	23
3726	23
3725	26
3724	30
3723	27
3722	26
3721	21
3720	25
3719	27
3718	23
3717	24
3716	28
3715	25
3714	25
3713	21
3712	22
3711	26
3710	21
3709	22
3708	30
3707	21
3706	25
3705	23
3704	22
3703	26
3702	23
3701	25
3700	28
3699	22
3698	25
3697	29
3696	27
3695	21
3694	24
3693	21
3692	28
3691	23
3690	25
3689	26
3688	27
3687	21
3686	21
3685	28
3684	21
3683	27
3682	21
3681	26
3680	23
3679	21
3678	21
3677	28
3676	22
3675	26
3674	24
3673	25
3672	23
3671	23
3670	27
3669	30
3668	21
3667	27
3666	30
3665	22
3664	22
3663	29
3662	26
3661	26
3660	29
3659	24
3658	21
3657	30
3656	25
3655	26
3654	24
3653	26
3652	26
3651	22
3650	27
3649	30
3648	25
3647	24
3646	29
3645	25
3644	26
3643	28
3642	26
3641	27
3640	21
3639	29
3638	30
3637	30
3636	25
3635	30
3634	25
3633	23
3632	24
3631	24
3630	23
3629	30
3628	25
3627	30
3626	27
3625	24
3624	23
3623	26
3622	22
3621	23
3620	21
3619	22
3618	26
3617	28
3616	21
3615	22
3614	25
3613	28
3612	30
3611	21
3610	22
3609	28
3608	23
3607	30
3606	26
3605	30
3604	25
3603	21
3602	25
3601	29
3600	30
3599	29
3598	21
3597	27
3596	21
3595	23
3594	24
3593	24
3592	22
3591	24
3590	21
3589	24
3588	27
3587	26
3586	29
3585	24
3584	23
3583	30
3582	21
3581	24
3580	26
3579	29
3578	21
3577	23
3576	24
3575	21
3574	29
3573	22
3572	24
3571	25
3570	29
3569	21
3568	21
3567	29
3566	27
3565	29
3564	26
3563	23
3562	26
3561	22
3560	27
3559	23
3558	27
3557	30
3556	29
3555	28
3554	22
3553	27
3552	28
3551	21
3550	25
3549	26
3548	29
3547	30
3546	28
3545	21
3544	25
3543	26
3542	29
3541	27
3540	22
3539	28
3538	25
3537	23
3536	29
3535	22
3534	30
3533	24
3532	22
3531	22
3530	29
3529	24
3528	29
3527	23
3526	27
3525	25
3524	29
3523	24
3522	29
3521	22
3520	24
3519	22
3518	26
3517	25
3516	30
3515	30
3514	25
3513	28
3512	24
3511	28
3510	22
3509	21
3508	21
3507	28
3506	29
3505	21
3504	22
3503	27
3502	24
3501	24
3500	24
3499	28
3498	22
3497	22
3496	28
3495	22
3494	27
3493	30
3492	21
3491	30
3490	23
3489	25
3488	22
3487	29
3486	22
3485	24
3484	21
3483	24
3482	21
3481	22
3480	27
3479	22
3478	28
3477	30
3476	28
3475	26
3474	30
3473	24
3472	27
3471	29
3470	22
3469	26
3468	24
3467	24
3466	30
3465	30
3464	30
3463	29
3462	22
3461	26
3460	22
3459	27
3458	30
3457	29
3456	27
3455	25
3454	30
3453	21
3452	24
3451	30
3450	30
3449	24
3448	28
3447	25
3446	25
3445	25
3444	23
3443	26
3442	25
3441	26
3440	21
3439	22
3438	26
3437	27
3436	28
3435	30
3434	26
3433	28
3432	29
3431	26
3430	22
3429	27
3428	21
3427	27
3426	23
3425	26
3424	27
3423	25
3422	28
3421	22
3420	26
3419	22
3418	21
3417	25
3416	22
3415	26
3414	30
3413	30
3412	22
3411	23
3410	29
3409	25
3408	22
3407	21
3406	22
3405	27
3404	25
3403	24
3402	25
3401	26
3400	29
3399	21
3398	23
3397	29
3396	24
3395	25
3394	24
3393	27
3392	21
3391	22
3390	29
3389	28
3388	29
3387	26
3386	28
3385	28
3384	23
3383	25
3382	23
3381	29
3380	28
3379	23
3378	23
3377	25
3376	27
3375	23
3374	29
3373	28
3372	25
3371	28
3370	22
3369	26
3368	24
3367	23
3366	25
3365	24
3364	29
3363	28
3362	28
3361	21
3360	23
3359	27
3358	23
3357	23
3356	27
3355	24
3354	30
3353	22
3352	21
3351	21
3350	29
3349	28
3348	28
3347	30
3346	29
3345	24
3344	27
3343	27
3342	25
3341	22
3340	25
3339	30
3338	30
3337	24
3336	27
3335	30
3334	29
3333	28
3332	22
3331	27
3330	25
3329	28
3328	29
3327	21
3326	30
3325	28
3324	23
3323	27
3322	30
3321	21
3320	28
3319	29
3318	30
3317	24
3316	22
3315	28
3314	21
3313	26
3312	28
3311	28
3310	27
3309	27
3308	22
3307	25
3306	23
3305	30
3304	30
3303	25
3302	23
3301	26
3300	30
3299	23
3298	26
3297	28
3296	23
3295	24
3294	24
3293	21
3292	26
3291	25
3290	23
3289	25
3288	29
3287	27
3286	25
3285	21
3284	30
3283	30
3282	26
3281	27
3280	27
3279	23
3278	25
3277	24
3276	24
3275	29
3274	29
3273	28
3272	24
3271	22
3270	22
3269	25
3268	24
3267	26
3266	22
3265	29
3264	27
3263	27
3262	27
3261	22
3260	22
3259	22
3258	29
3257	29
3256	22
3255	22
3254	24
3253	27
3252	28
3251	30
3250	29
3249	27
3248	30
3247	27
3246	27
3245	24
3244	25
3243	24
3242	23
3241	22
3240	24
3239	28
3238	29
3237	27
3236	22
3235	29
3234	30
3233	27
3232	21
3231	27
3230	21
3229	29
3228	25
3227	30
3226	24
3225	21
3224	26
3223	22
3222	26
3221	21
3220	25
3219	29
3218	29
3217	24
3216	25
3215	26
3214	25
3213	22
3212	21
3211	30
3210	27
3209	28
3208	26
3207	28
3206	28
3205	27
3204	28
3203	22
3202	23
3201	26
3200	22
3199	26
3198	24
3197	26
3196	23
3195	25
3194	23
3193	29
3192	23
3191	30
3190	30
3189	29
3188	22
3187	27
3186	24
3185	24
3184	28
3183	21
3182	21
3181	25
3180	25
3179	21
3178	26
3177	27
3176	23
3175	30
3174	23
3173	30
3172	25
3171	29
3170	26
3169	27
3168	25
3167	25
3166	24
3165	22
3164	25
3163	29
3162	21
3161	29
3160	22
3159	28
3158	28
3157	24
3156	27
3155	24
3154	23
3153	25
3152	27
3151	27
3150	29
3149	28
3148	25
3147	21
3146	24
3145	29
3144	29
3143	29
3142	24
3141	29
3140	29
3139	30
3138	26
3137	26
3136	28
3135	22
3134	29
3133	22
3132	26
3131	24
3130	24
3129	26
3128	24
3127	30
3126	24
3125	22
3124	30
3123	25
3122	29
3121	30
3120	28
3119	21
3118	24
3117	22
3116	21
3115	25
3114	28
3113	22
3112	29
3111	29
3110	25
3109	30
3108	22
3107	22
3106	24
3105	29
3104	23
3103	30
3102	21
3101	30
3100	28
3099	29
3098	24
3097	29
3096	21
3095	27
3094	26
3093	27
3092	30
3091	30
3090	21
3089	21
3088	28
3087	28
3086	22
3085	23
3084	21
3083	21
3082	22
3081	25
3080	30
3079	30
3078	22
3077	23
3076	29
3075	23
3074	25
3073	29
3072	30
3071	29
3070	22
3069	24
3068	25
3067	30
3066	24
3065	29
3064	28
3063	25
3062	24
3061	25
3060	26
3059	27
3058	21
3057	22
3056	28
3055	30
3054	30
3053	28
3052	21
3051	25
3050	21
3049	21
3048	23
3047	26
3046	21
3045	26
3044	29
3043	21
3042	27
3041	23
3040	21
3039	25
3038	21
3037	24
3036	26
3035	27
3034	21
3033	30
3032	25
3031	21
3030	26
3029	28
3028	26
3027	24
3026	27
3025	22
3024	26
3023	28
3022	28
3021	28
3020	21
3019	21
3018	26
3017	25
3016	25
3015	25
3014	28
3013	22
3012	26
3011	28
3010	23
3009	23
3008	22
3007	21
3006	27
3005	26
3004	30
3003	29
3002	22
3001	21
3000	22
2999	27
2998	30
2997	23
2996	26
2995	21
2994	24
2993	30
2992	24
2991	21
2990	22
2989	21
2988	30
2987	27
2986	24
2985	23
2984	24
2983	22
2982	25
2981	29
2980	30
2979	24
2978	21
2977	30
2976	28
2975	27
2974	22
2973	21
2972	27
2971	24
2970	23
2969	25
2968	28
2967	26
2966	21
2965	24
2964	22
2963	24
2962	26
2961	28
2960	22
2959	30
2958	27
2957	23
2956	30
2955	30
2954	30
2953	28
2952	24
2951	27
2950	27
2949	25
2948	22
2947	22
2946	30
2945	27
2944	26
2943	30
2942	25
2941	23
2940	27
2939	25
2938	21
2937	30
2936	24
2935	25
2934	24
2933	30
2932	21
2931	23
2930	29
2929	29
2928	26
2927	26
2926	25
2925	24
2924	29
2923	30
2922	23
2921	21
2920	29
2919	21
2918	23
2917	27
2916	27
2915	23
2914	28
2913	25
2912	22
2911	22
2910	28
2909	29
2908	24
2907	22
2906	28
2905	29
2904	29
2903	28
2902	27
2901	25
2900	24
2899	23
2898	21
2897	22
2896	30
2895	21
2894	29
2893	29
2892	22
2891	29
2890	24
2889	30
2888	24
2887	21
2886	21
2885	21
2884	27
2883	29
2882	26
2881	28
2880	22
2879	23
2878	27
2877	27
2876	29
2875	21
2874	27
2873	25
2872	29
2871	26
2870	27
2869	25
2868	27
2867	26
2866	24
2865	24
2864	25
2863	26
2862	22
2861	28
2860	21
2859	29
2858	26
2857	30
2856	23
2855	22
2854	22
2853	21
2852	22
2851	23
2850	28
2849	25
2848	28
2847	27
2846	26
2845	27
2844	29
2843	28
2842	28
2841	26
2840	24
2839	24
2838	26
2837	27
2836	26
2835	30
2834	23
2833	30
2832	29
2831	30
2830	24
2829	21
2828	30
2827	23
2826	22
2825	28
2824	23
2823	23
2822	22
2821	26
2820	21
2819	24
2818	25
2817	29
2816	28
2815	29
2814	21
2813	30
2812	22
2811	28
2810	26
2809	29
2808	22
2807	21
2806	23
2805	25
2804	24
2803	29
2802	24
2801	30
2800	29
2799	30
2798	22
2797	29
2796	27
2795	23
2794	21
2793	28
2792	25
2791	30
2790	28
2789	30
2788	26
2787	24
2786	21
2785	24
2784	30
2783	25
2782	21
2781	22
2780	24
2779	21
2778	26
2777	21
2776	21
2775	26
2774	22
2773	27
2772	25
2771	29
2770	23
2769	30
2768	24
2767	27
2766	21
2765	28
2764	24
2763	26
2762	22
2761	29
2760	21
2759	30
2758	24
2757	29
2756	21
2755	26
2754	23
2753	25
2752	21
2751	26
2750	22
2749	27
2748	28
2747	26
2746	29
2745	22
2744	29
2743	21
2742	24
2741	27
2740	21
2739	25
2738	29
2737	23
2736	24
2735	23
2734	21
2733	30
2732	23
2731	21
2730	23
2729	24
2728	21
2727	28
2726	23
2725	26
2724	27
2723	29
2722	24
2721	25
2720	23
2719	25
2718	29
2717	21
2716	25
2715	25
2714	28
2713	23
2712	23
2711	21
2710	29
2709	29
2708	28
2707	29
2706	22
2705	22
2704	22
2703	27
2702	24
2701	27
2700	28
2699	22
2698	29
2697	27
2696	30
2695	21
2694	21
2693	25
2692	28
2691	27
2690	21
2689	21
2688	25
2687	29
2686	30
2685	28
2684	27
2683	30
2682	24
2681	23
2680	29
2679	30
2678	27
2677	22
2676	28
2675	23
2674	21
2673	24
2672	29
2671	23
2670	29
2669	26
2668	22
2667	27
2666	24
2665	25
2664	27
2663	28
2662	22
2661	28
2660	24
2659	28
2658	21
2657	21
2656	24
2655	24
2654	26
2653	25
2652	22
2651	26
2650	26
2649	23
2648	22
2647	22
2646	26
2645	29
2644	25
2643	29
2642	22
2641	24
2640	25
2639	21
2638	25
2637	26
2636	30
2635	27
2634	27
2633	27
2632	24
2631	23
2630	22
2629	25
2628	27
2627	30
2626	21
2625	29
2624	30
2623	29
2622	27
2621	21
2620	26
2619	29
2618	25
2617	27
2616	21
2615	21
2614	22
2613	26
2612	29
2611	21
2610	28
2609	22
2608	26
2607	23
2606	22
2605	28
2604	25
2603	24
2602	28
2601	24
2600	30
2599	23
2598	25
2597	21
2596	29
2595	23
2594	24
2593	22
2592	24
2591	23
2590	28
2589	22
2588	30
2587	29
2586	26
2585	23
2584	24
2583	27
2582	27
2581	23
2580	24
2579	28
2578	21
2577	29
2576	29
2575	21
2574	24
2573	26
2572	30
2571	28
2570	24
2569	26
2568	27
2567	25
2566	29
2565	27
2564	26
2563	30
2562	26
2561	27
2560	22
2559	29
2558	27
2557	28
2556	21
2555	26
2554	28
2553	25
2552	21
2551	25
2550	21
2549	28
2548	30
2547	24
2546	30
2545	21
2544	27
2543	30
2542	27
2541	29
2540	30
2539	29
2538	24
2537	26
2536	30
2535	30
2534	30
2533	26
2532	29
2531	21
2530	29
2529	27
2528	24
2527	30
2526	30
2525	25
2524	29
2523	22
2522	30
2521	30
2520	23
2519	21
2518	22
2517	21
2516	27
2515	23
2514	28
2513	27
2512	24
2511	30
2510	30
2509	28
2508	21
2507	23
2506	27
2505	21
2504	28
2503	23
2502	22
2501	22
2500	22
2499	26
2498	22
2497	23
2496	24
2495	23
2494	23
2493	23
2492	30
2491	21
2490	28
2489	30
2488	23
2487	26
2486	30
2485	29
2484	23
2483	23
2482	26
2481	22
2480	30
2479	24
2478	25
2477	25
2476	24
2475	26
2474	22
2473	21
2472	23
2471	22
2470	25
2469	26
2468	25
2467	29
2466	25
2465	25
2464	22
2463	29
2462	27
2461	21
2460	22
2459	29
2458	21
2457	27
2456	22
2455	23
2454	27
2453	23
2452	29
2451	30
2450	21
2449	22
2448	28
2447	23
2446	29
2445	24
2444	27
2443	25
2442	22
2441	27
2440	24
2439	30
2438	25
2437	25
2436	29
2435	21
2434	30
2433	24
2432	24
2431	24
2430	30
2429	26
2428	26
2427	21
2426	21
2425	28
2424	28
2423	25
2422	29
2421	28
2420	23
2419	23
2418	28
2417	23
2416	27
2415	23
2414	30
2413	30
2412	24
2411	26
2410	26
2409	30
2408	29
2407	24
2406	21
2405	21
2404	30
2403	30
2402	26
2401	23
2400	24
2399	27
2398	23
2397	21
2396	27
2395	23
2394	23
2393	26
2392	21
2391	21
2390	27
2389	26
2388	23
2387	28
2386	30
2385	23
2384	25
2383	27
2382	27
2381	22
2380	22
2379	21
2378	27
2377	22
2376	30
2375	25
2374	27
2373	28
2372	30
2371	25
2370	29
2369	22
2368	30
2367	21
2366	21
2365	26
2364	21
2363	27
2362	21
2361	24
2360	22
2359	21
2358	25
2357	29
2356	30
2355	21
2354	28
2353	30
2352	25
2351	23
2350	28
2349	21
2348	23
2347	28
2346	24
2345	22
2344	28
2343	22
2342	24
2341	26
2340	27
2339	21
2338	28
2337	30
2336	28
2335	30
2334	24
2333	23
2332	23
2331	26
2330	30
2329	25
2328	24
2327	24
2326	30
2325	27
2324	27
2323	22
2322	21
2321	27
2320	24
2319	27
2318	25
2317	28
2316	30
2315	21
2314	22
2313	27
2312	30
2311	29
2310	30
2309	25
2308	27
2307	26
2306	26
2305	30
2304	23
2303	21
2302	23
2301	22
2300	25
2299	27
2298	29
2297	21
2296	25
2295	27
2294	26
2293	27
2292	26
2291	29
2290	24
2289	21
2288	24
2287	24
2286	22
2285	22
2284	25
2283	23
2282	28
2281	29
2280	27
2279	21
2278	24
2277	24
2276	22
2275	28
2274	26
2273	26
2272	29
2271	26
2270	29
2269	30
2268	23
2267	22
2266	21
2265	30
2264	27
2263	30
2262	30
2261	30
2260	21
2259	28
2258	22
2257	21
2256	30
2255	23
2254	27
2253	26
2252	30
2251	28
2250	26
2249	23
2248	21
2247	22
2246	28
2245	22
2244	22
2243	24
2242	27
2241	27
2240	21
2239	23
2238	26
2237	26
2236	22
2235	30
2234	28
2233	21
2232	28
2231	24
2230	22
2229	21
2228	28
2227	26
2226	23
2225	28
2224	22
2223	28
2222	30
2221	26
2220	29
2219	30
2218	25
2217	30
2216	28
2215	30
2214	23
2213	21
2212	29
2211	26
2210	22
2209	22
2208	22
2207	27
2206	28
2205	27
2204	24
2203	25
2202	28
2201	22
2200	22
2199	25
2198	25
2197	28
2196	26
2195	29
2194	28
2193	28
2192	24
2191	22
2190	21
2189	22
2188	28
2187	21
2186	23
2185	24
2184	29
2183	23
2182	24
2181	25
2180	27
2179	22
2178	24
2177	25
2176	30
2175	27
2174	27
2173	25
2172	28
2171	29
2170	22
2169	27
2168	27
2167	26
2166	22
2165	25
2164	26
2163	29
2162	25
2161	29
2160	26
2159	24
2158	22
2157	29
2156	30
2155	21
2154	23
2153	30
2152	21
2151	27
2150	23
2149	28
2148	24
2147	22
2146	22
2145	27
2144	25
2143	21
2142	27
2141	22
2140	30
2139	27
2138	23
2137	24
2136	28
2135	29
2134	21
2133	24
2132	26
2131	22
2130	27
2129	23
2128	24
2127	25
2126	21
2125	25
2124	26
2123	29
2122	23
2121	23
2120	27
2119	23
2118	28
2117	22
2116	24
2115	28
2114	27
2113	21
2112	24
2111	21
2110	23
2109	24
2108	24
2107	21
2106	21
2105	24
2104	22
2103	28
2102	26
2101	21
2100	26
2099	26
2098	30
2097	26
2096	30
2095	28
2094	26
2093	23
2092	27
2091	25
2090	30
2089	26
2088	25
2087	29
2086	21
2085	28
2084	26
2083	27
2082	22
2081	25
2080	24
2079	23
2078	26
2077	25
2076	23
2075	29
2074	28
2073	28
2072	27
2071	26
2070	23
2069	27
2068	21
2067	28
2066	23
2065	28
2064	21
2063	26
2062	29
2061	21
2060	25
2059	26
2058	26
2057	22
2056	21
2055	28
2054	28
2053	30
2052	24
2051	29
2050	24
2049	30
2048	29
2047	21
2046	30
2045	26
2044	30
2043	27
2042	25
2041	21
2040	25
2039	21
2038	22
2037	25
2036	22
2035	30
2034	25
2033	29
2032	28
2031	23
2030	26
2029	21
2028	27
2027	25
2026	25
2025	25
2024	26
2023	23
2022	27
2021	28
2020	28
2019	29
2018	22
2017	27
2016	26
2015	27
2014	24
2013	28
2012	25
2011	25
2010	27
2009	27
2008	28
2007	22
2006	29
2005	23
2004	27
2003	24
2002	29
2001	30
2000	29
1999	28
1998	21
1997	28
1996	24
1995	21
1994	22
1993	21
1992	21
1991	26
1990	24
1989	21
1988	27
1987	26
1986	25
1985	21
1984	22
1983	24
1982	27
1981	22
1980	30
1979	23
1978	23
1977	23
1976	30
1975	29
1974	22
1973	27
1972	24
1971	30
1970	23
1969	23
1968	26
1967	28
1966	27
1965	22
1964	27
1963	29
1962	23
1961	29
1960	30
1959	30
1958	30
1957	23
1956	26
1955	23
1954	29
1953	22
1952	23
1951	21
1950	23
1949	27
1948	26
1947	21
1946	21
1945	28
1944	23
1943	22
1942	26
1941	29
1940	29
1939	30
1938	25
1937	28
1936	25
1935	30
1934	24
1933	25
1932	27
1931	27
1930	30
1929	26
1928	27
1927	27
1926	30
1925	24
1924	21
1923	25
1922	23
1921	27
1920	23
1919	30
1918	25
1917	28
1916	27
1915	28
1914	28
1913	24
1912	22
1911	25
1910	30
1909	27
1908	21
1907	29
1906	22
1905	22
1904	26
1903	27
1902	23
1901	23
1900	23
1899	22
1898	24
1897	21
1896	21
1895	25
1894	28
1893	25
1892	30
1891	22
1890	23
1889	29
1888	27
1887	24
1886	27
1885	24
1884	28
1883	24
1882	24
1881	26
1880	29
1879	21
1878	28
1877	28
1876	27
1875	27
1874	23
1873	30
1872	21
1871	25
1870	21
1869	30
1868	28
1867	24
1866	24
1865	30
1864	23
1863	21
1862	27
1861	30
1860	24
1859	27
1858	30
1857	24
1856	22
1855	30
1854	27
1853	26
1852	27
1851	23
1850	26
1849	27
1848	23
1847	28
1846	21
1845	26
1844	25
1843	22
1842	22
1841	27
1840	27
1839	21
1838	26
1837	25
1836	23
1835	25
1834	30
1833	30
1832	23
1831	24
1830	26
1829	21
1828	25
1827	22
1826	30
1825	21
1824	24
1823	30
1822	30
1821	30
1820	28
1819	25
1818	26
1817	29
1816	23
1815	29
1814	25
1813	21
1812	27
1811	26
1810	27
1809	25
1808	28
1807	23
1806	27
1805	27
1804	29
1803	30
1802	25
1801	28
1800	22
1799	24
1798	23
1797	29
1796	21
1795	21
1794	24
1793	26
1792	24
1791	26
1790	28
1789	22
1788	26
1787	29
1786	25
1785	23
1784	23
1783	27
1782	21
1781	30
1780	30
1779	23
1778	25
1777	23
1776	27
1775	23
1774	29
1773	22
1772	22
1771	21
1770	29
1769	28
1768	27
1767	21
1766	23
1765	22
1764	23
1763	23
1762	29
1761	26
1760	30
1759	25
1758	30
1757	25
1756	24
1755	29
1754	30
1753	30
1752	28
1751	25
1750	23
1749	29
1748	21
1747	22
1746	29
1745	22
1744	25
1743	25
1742	22
1741	24
1740	21
1739	25
1738	25
1737	29
1736	26
1735	25
1734	24
1733	26
1732	30
1731	26
1730	26
1729	26
1728	26
1727	27
1726	22
1725	27
1724	30
1723	23
1722	30
1721	22
1720	25
1719	23
1718	30
1717	21
1716	27
1715	22
1714	30
1713	30
1712	24
1711	29
1710	22
1709	27
1708	28
1707	25
1706	24
1705	22
1704	21
1703	28
1702	28
1701	24
1700	28
1699	29
1698	28
1697	27
1696	26
1695	26
1694	26
1693	28
1692	26
1691	21
1690	30
1689	28
1688	22
1687	28
1686	22
1685	24
1684	23
1683	29
1682	30
1681	24
1680	29
1679	28
1678	21
1677	23
1676	25
1675	24
1674	21
1673	22
1672	27
1671	22
1670	29
1669	26
1668	23
1667	23
1666	30
1665	22
1664	26
1663	30
1662	22
1661	29
1660	23
1659	25
1658	23
1657	29
1656	25
1655	26
1654	27
1653	22
1652	22
1651	26
1650	30
1649	25
1648	25
1647	30
1646	23
1645	27
1644	27
1643	23
1642	26
1641	21
1640	21
1639	28
1638	22
1637	26
1636	26
1635	29
1634	23
1633	29
1632	30
1631	24
1630	24
1629	30
1628	29
1627	24
1626	24
1625	28
1624	23
1623	23
1622	25
1621	27
1620	28
1619	26
1618	22
1617	24
1616	24
1615	27
1614	26
1613	27
1612	29
1611	24
1610	28
1609	26
1608	25
1607	28
1606	23
1605	23
1604	25
1603	22
1602	28
1601	23
1600	28
1599	26
1598	24
1597	25
1596	23
1595	21
1594	26
1593	25
1592	21
1591	25
1590	22
1589	21
1588	21
1587	21
1586	27
1585	23
1584	26
1583	27
1582	28
1581	23
1580	27
1579	24
1578	27
1577	24
1576	24
1575	29
1574	23
1573	29
1572	27
1571	24
1570	30
1569	29
1568	22
1567	27
1566	25
1565	25
1564	21
1563	24
1562	26
1561	25
1560	27
1559	22
1558	28
1557	25
1556	28
1555	28
1554	21
1553	26
1552	26
1551	23
1550	26
1549	28
1548	21
1547	21
1546	27
1545	29
1544	21
1543	21
1542	29
1541	26
1540	28
1539	22
1538	28
1537	25
1536	22
1535	30
1534	23
1533	24
1532	23
1531	30
1530	27
1529	23
1528	27
1527	25
1526	21
1525	28
1524	28
1523	22
1522	23
1521	30
1520	21
1519	27
1518	23
1517	28
1516	26
1515	25
1514	21
1513	21
1512	26
1511	26
1510	21
1509	26
1508	24
1507	28
1506	27
1505	23
1504	23
1503	26
1502	25
1501	28
1500	28
1499	26
1498	24
1497	29
1496	22
1495	26
1494	23
1493	24
1492	28
1491	27
1490	30
1489	23
1488	25
1487	24
1486	23
1485	22
1484	22
1483	28
1482	25
1481	23
1480	21
1479	24
1478	28
1477	23
1476	22
1475	28
1474	29
1473	24
1472	29
1471	27
1470	27
1469	30
1468	28
1467	28
1466	23
1465	26
1464	23
1463	22
1462	30
1461	24
1460	23
1459	27
1458	27
1457	21
1456	26
1455	29
1454	27
1453	28
1452	27
1451	25
1450	23
1449	27
1448	23
1447	21
1446	30
1445	23
1444	25
1443	26
1442	25
1441	22
1440	27
1439	30
1438	29
1437	22
1436	24
1435	29
1434	25
1433	24
1432	22
1431	24
1430	28
1429	21
1428	24
1427	29
1426	23
1425	26
1424	29
1423	21
1422	23
1421	24
1420	30
1419	22
1418	30
1417	29
1416	29
1415	27
1414	29
1413	26
1412	21
1411	24
1410	23
1409	21
1408	30
1407	29
1406	22
1405	30
1404	29
1403	21
1402	30
1401	28
1400	26
1399	25
1398	27
1397	28
1396	29
1395	24
1394	27
1393	21
1392	29
1391	29
1390	24
1389	30
1388	30
1387	24
1386	29
1385	29
1384	21
1383	21
1382	21
1381	27
1380	24
1379	23
1378	26
1377	29
1376	30
1375	28
1374	26
1373	29
1372	28
1371	25
1370	23
1369	25
1368	30
1367	23
1366	24
1365	23
1364	28
1363	24
1362	28
1361	25
1360	24
1359	26
1358	26
1357	28
1356	21
1355	30
1354	28
1353	25
1352	28
1351	26
1350	24
1349	25
1348	27
1347	27
1346	30
1345	27
1344	26
1343	30
1342	22
1341	27
1340	26
1339	30
1338	22
1337	26
1336	22
1335	29
1334	27
1333	22
1332	26
1331	24
1330	23
1329	27
1328	23
1327	24
1326	24
1325	23
1324	25
1323	23
1322	25
1321	21
1320	22
1319	24
1318	21
1317	29
1316	26
1315	22
1314	22
1313	22
1312	22
1311	22
1310	25
1309	28
1308	24
1307	29
1306	24
1305	30
1304	24
1303	29
1302	21
1301	23
1300	24
1299	26
1298	23
1297	27
1296	29
1295	24
1294	26
1293	24
1292	27
1291	30
1290	27
1289	22
1288	26
1287	21
1286	26
1285	30
1284	24
1283	24
1282	28
1281	23
1280	30
1279	30
1278	25
1277	28
1276	28
1275	30
1274	23
1273	29
1272	29
1271	21
1270	24
1269	25
1268	30
1267	23
1266	21
1265	28
1264	22
1263	25
1262	26
1261	25
1260	27
1259	21
1258	24
1257	25
1256	25
1255	26
1254	24
1253	26
1252	23
1251	25
1250	24
1249	22
1248	30
1247	21
1246	24
1245	22
1244	24
1243	30
1242	27
1241	22
1240	24
1239	23
1238	23
1237	25
1236	28
1235	29
1234	24
1233	23
1232	26
1231	27
1230	30
1229	21
1228	21
1227	25
1226	22
1225	30
1224	23
1223	29
1222	22
1221	25
1220	21
1219	28
1218	21
1217	28
1216	24
1215	26
1214	30
1213	28
1212	22
1211	25
1210	25
1209	21
1208	27
1207	26
1206	30
1205	24
1204	29
1203	29
1202	22
1201	24
1200	24
1199	23
1198	22
1197	25
1196	26
1195	28
1194	22
1193	26
1192	28
1191	29
1190	22
1189	23
1188	23
1187	23
1186	27
1185	30
1184	22
1183	26
1182	23
1181	30
1180	30
1179	29
1178	24
1177	29
1176	27
1175	24
1174	21
1173	30
1172	27
1171	24
1170	22
1169	28
1168	25
1167	23
1166	24
1165	24
1164	21
1163	22
1162	28
1161	29
1160	29
1159	27
1158	29
1157	30
1156	21
1155	30
1154	28
1153	25
1152	25
1151	22
1150	25
1149	21
1148	26
1147	26
1146	23
1145	23
1144	25
1143	24
1142	24
1141	28
1140	30
1139	22
1138	28
1137	22
1136	30
1135	25
1134	24
1133	30
1132	26
1131	27
1130	29
1129	28
1128	23
1127	23
1126	30
1125	28
1124	24
1123	23
1122	26
1121	25
1120	22
1119	21
1118	28
1117	21
1116	22
1115	24
1114	27
1113	23
1112	25
1111	28
1110	30
1109	21
1108	25
1107	29
1106	23
1105	30
1104	23
1103	28
1102	24
1101	23
1100	21
1099	28
1098	23
1097	28
1096	22
1095	24
1094	23
1093	27
1092	29
1091	24
1090	25
1089	26
1088	21
1087	21
1086	22
1085	24
1084	27
1083	26
1082	21
1081	28
1080	25
1079	28
1078	22
1077	29
1076	27
1075	28
1074	21
1073	27
1072	24
1071	29
1070	28
1069	24
1068	23
1067	27
1066	27
1065	21
1064	25
1063	30
1062	24
1061	28
1060	24
1059	22
1058	22
1057	28
1056	30
1055	21
1054	21
1053	21
1052	27
1051	28
1050	30
1049	29
1048	22
1047	21
1046	24
1045	26
1044	24
1043	24
1042	23
1041	24
1040	28
1039	22
1038	30
1037	27
1036	28
1035	22
1034	29
1033	28
1032	28
1031	27
1030	27
1029	25
1028	27
1027	27
1026	25
1025	25
1024	23
1023	24
1022	22
1021	22
1020	24
1019	22
1018	22
1017	23
1016	29
1015	25
1014	22
1013	22
1012	28
1011	21
1010	24
1009	24
1008	28
1007	29
1006	27
1005	30
1004	23
1003	29
1002	30
1001	30
1000	26
999	27
998	26
997	30
996	26
995	22
994	30
993	30
992	22
991	23
990	22
989	27
988	29
987	22
986	21
985	26
984	22
983	21
982	25
981	27
980	24
979	30
978	25
977	27
976	28
975	26
974	25
973	23
972	30
971	30
970	21
969	22
968	26
967	28
966	21
965	24
964	24
963	30
962	22
961	24
960	25
959	29
958	23
957	29
956	27
955	30
954	24
953	29
952	28
951	29
950	24
949	30
948	26
947	22
946	29
945	26
944	24
943	26
942	25
941	26
940	23
939	30
938	29
937	25
936	30
935	27
934	28
933	22
932	22
931	22
930	24
929	25
928	29
927	22
926	28
925	30
924	28
923	25
922	27
921	21
920	30
919	29
918	25
917	25
916	29
915	29
914	29
913	26
912	23
911	26
910	27
909	26
908	25
907	22
906	21
905	23
904	26
903	22
902	24
901	23
900	30
899	29
898	25
897	28
896	27
895	23
894	29
893	28
892	26
891	25
890	27
889	24
888	24
887	22
886	22
885	27
884	27
883	26
882	24
881	21
880	26
879	28
878	28
877	28
876	27
875	30
874	24
873	26
872	21
871	30
870	22
869	29
868	28
867	27
866	29
865	21
864	21
863	23
862	23
861	21
860	25
859	24
858	22
857	25
856	28
855	24
854	25
853	22
852	26
851	25
850	27
849	30
848	30
847	30
846	26
845	30
844	25
843	27
842	21
841	23
840	22
839	30
838	24
837	21
836	24
835	27
834	29
833	23
832	27
831	25
830	30
829	22
828	30
827	22
826	29
825	29
824	29
823	24
822	23
821	24
820	25
819	25
818	25
817	21
816	29
815	22
814	30
813	28
812	25
811	22
810	27
809	23
808	28
807	23
806	27
805	22
804	25
803	27
802	24
801	23
800	21
799	24
798	29
797	25
796	30
795	29
794	22
793	28
792	28
791	26
790	28
789	26
788	30
787	27
786	27
785	29
784	23
783	23
782	25
781	24
780	26
779	27
778	23
777	29
776	23
775	22
774	29
773	28
772	30
771	25
770	29
769	24
768	27
767	26
766	30
765	24
764	27
763	25
762	22
761	21
760	23
759	21
758	23
757	26
756	30
755	28
754	22
753	29
752	21
751	22
750	27
749	26
748	26
747	29
746	28
745	24
744	21
743	25
742	23
741	22
740	27
739	30
738	22
737	23
736	27
735	30
734	23
733	28
732	29
731	25
730	24
729	29
728	25
727	22
726	30
725	26
724	26
723	30
722	29
721	28
720	24
719	29
718	24
717	25
716	28
715	27
714	23
713	24
712	29
711	25
710	25
709	21
708	26
707	24
706	23
705	26
704	22
703	21
702	28
701	23
700	21
699	27
698	23
697	23
696	24
695	27
694	26
693	28
692	22
691	22
690	23
689	21
688	30
687	26
686	30
685	22
684	24
683	25
682	30
681	23
680	28
679	23
678	26
677	28
676	22
675	24
674	27
673	21
672	26
671	26
670	21
669	28
668	29
667	29
666	24
665	23
664	28
663	25
662	25
661	25
660	28
659	22
658	26
657	22
656	30
655	30
654	25
653	29
652	22
651	27
650	26
649	26
648	26
647	30
646	26
645	21
644	22
643	25
642	23
641	25
640	28
639	28
638	30
637	29
636	27
635	27
634	22
633	23
632	21
631	21
630	21
629	21
628	22
627	24
626	29
625	24
624	25
623	21
622	25
621	29
620	29
619	21
618	23
617	29
616	27
615	29
614	21
613	24
612	30
611	25
610	24
609	21
608	29
607	28
606	25
605	26
604	21
603	27
602	24
601	23
600	25
599	22
598	30
597	30
596	27
595	24
594	28
593	23
592	27
591	24
590	22
589	23
588	24
587	25
586	28
585	28
584	21
583	22
582	23
581	26
580	22
579	26
578	27
577	30
576	27
575	21
574	28
573	27
572	29
571	24
570	21
569	24
568	24
567	25
566	26
565	27
564	24
563	26
562	27
561	30
560	28
559	22
558	28
557	22
556	21
555	30
554	21
553	25
552	26
551	28
550	22
549	23
548	26
547	29
546	24
545	29
544	25
543	27
542	25
541	24
540	21
539	24
538	24
537	24
536	21
535	23
534	25
533	22
532	21
531	23
530	25
529	30
528	29
527	23
526	29
525	24
524	22
523	22
522	21
521	27
520	28
519	28
518	22
517	27
516	25
515	28
514	23
513	28
512	21
511	21
510	29
509	28
508	25
507	21
506	22
505	25
504	21
503	25
502	27
501	21
500	22
499	25
498	22
497	27
496	29
495	24
494	26
493	25
492	24
491	23
490	25
489	29
488	30
487	29
486	27
485	22
484	24
483	21
482	23
481	22
480	25
479	28
478	22
477	26
476	25
475	23
474	24
473	26
472	29
471	23
470	26
469	22
468	29
467	30
466	24
465	28
464	30
463	22
462	24
461	27
460	25
459	27
458	22
457	30
456	22
455	30
454	27
453	24
452	29
451	26
450	21
449	26
448	23
447	28
446	23
445	28
444	23
443	28
442	28
441	30
440	21
439	24
438	30
437	26
436	27
435	22
434	30
433	22
432	24
431	22
430	21
429	21
428	27
427	21
426	27
425	26
424	21
423	29
422	22
421	27
420	22
419	23
418	24
417	30
416	23
415	26
414	30
413	25
412	23
411	21
410	23
409	28
408	21
407	23
406	27
405	26
404	21
403	21
402	27
401	26
400	28
399	21
398	28
397	27
396	29
395	23
394	27
393	22
392	26
391	27
390	29
389	21
388	24
387	24
386	24
385	21
384	29
383	25
382	26
381	28
380	23
379	26
378	25
377	22
376	28
375	30
374	25
373	21
372	23
371	26
370	30
369	24
368	27
367	28
366	23
365	21
364	26
363	25
362	25
361	23
360	29
359	23
358	30
357	25
356	30
355	30
354	24
353	28
352	27
351	22
350	23
349	24
348	22
347	27
346	23
345	27
344	27
343	28
342	27
341	25
340	26
339	29
338	28
337	29
336	25
335	28
334	24
333	30
332	26
331	29
330	22
329	25
328	25
327	30
326	22
325	24
324	30
323	23
322	22
321	25
320	27
319	22
318	28
317	27
316	22
315	28
314	21
313	22
312	24
311	29
310	29
309	28
308	26
307	28
306	28
305	24
304	29
303	23
302	24
301	30
300	25
299	29
298	23
297	25
296	27
295	23
294	21
293	25
292	22
291	21
290	23
289	26
288	27
287	24
286	26
285	23
284	21
283	29
282	30
281	25
280	25
279	26
278	22
277	26
276	29
275	29
274	23
273	23
272	22
271	24
270	29
269	27
268	28
267	25
266	27
265	24
264	25
263	24
262	29
261	23
260	22
259	24
258	25
257	26
256	30
255	23
254	29
253	22
252	28
251	27
250	30
249	27
248	21
247	29
246	28
245	30
244	28
243	30
242	23
241	21
240	26
239	26
238	30
237	22
236	21
235	23
234	23
233	26
232	23
231	22
230	21
229	24
228	29
227	30
226	25
225	25
224	28
223	23
222	22
221	29
220	28
219	28
218	21
217	21
216	27
215	30
214	24
213	29
212	23
211	23
210	23
209	29
208	21
207	24
206	21
205	25
204	30
203	24
202	28
201	30
200	30
199	30
198	21
197	26
196	24
195	26
194	28
193	24
192	22
191	29
190	22
189	28
188	23
187	24
186	28
185	22
184	23
183	28
182	28
181	24
180	21
179	21
178	25
177	27
176	26
175	30
174	22
173	22
172	22
171	26
170	29
169	29
168	27
167	27
166	22
165	29
164	23
163	24
162	21
161	23
160	25
159	28
158	29
157	29
156	25
155	25
154	22
153	24
152	24
151	27
150	26
149	27
148	26
147	30
146	30
145	22
144	26
143	25
142	25
141	24
140	24
139	29
138	24
137	22
136	30
135	22
134	23
133	27
132	24
131	26
130	23
129	26
128	25
127	29
126	29
125	27
124	21
123	29
122	26
121	25
120	29
119	21
118	22
117	22
116	22
115	26
114	23
113	25
112	24
111	23
110	26
109	27
108	24
107	30
106	28
105	23
104	29
103	28
102	24
101	30
100	28
99	24
98	21
97	24
96	24
95	23
94	29
93	28
92	29
91	24
90	25
89	26
88	24
87	25
86	27
85	25
84	30
83	29
82	30
81	26
80	22
79	28
78	25
77	29
76	30
75	21
74	26
73	21
72	27
71	24
70	29
69	26
68	29
67	30
66	22
65	28
64	27
63	30
62	30
61	25
60	29
59	28
58	24
57	21
56	27
55	26
54	24
53	21
52	25
51	25
50	28
49	26
48	28
47	24
46	22
45	26
44	23
43	25
42	23
41	27
40	25
39	28
38	22
37	30
36	23
35	22
34	29
33	30
32	21
31	21
30	26
29	26
28	30
27	22
26	22
25	30
24	21
23	28
22	25
21	28
20	23
19	27
18	23
17	26
16	23
15	26
14	30
13	27
12	27
11	29
10	27
9	29
8	28
7	27
6	27
5	28
4	29
3	29
2	25
1	27
0	22
