0 0.0 10.0 0.0 10.0 0 0 50 
1 5.0 10.0 10.0 13.0 0 0 0 50 
2 5.0 10.0 13.0 16.0 0 0 1 
3 5.0 10.0 16.0 20.0 0 0 2 
4 5.0 10.0 20.0 24.0 0 0 3 
5 5.0 10.0 24.0 28.0 0 0 4 
6 10.0 13.0 5.0 10.0 0 0 25 50 
7 13.0 16.0 5.0 10.0 0 0 26 
8 16.0 20.0 5.0 10.0 0 0 27 
9 20.0 24.0 5.0 10.0 0 0 28 
10 24.0 28.0 5.0 10.0 0 0 29 
11 12.0 16.0 12.0 16.0 0 0 5 6 30 31 
12 16.0 20.0 12.0 16.0 0 0 6 7 34 35 
13 20.0 24.0 12.0 16.0 0 0 7 8 36 37 
14 24.0 28.0 12.0 16.0 0 0 8 38 39 
15 12.0 16.0 16.0 20.0 0 0 9 10 31 32 
16 12.0 16.0 20.0 24.0 0 0 11 12 32 33 
17 12.0 16.0 24.0 28.0 0 0 13 14 33 
18 24.0 28.0 16.0 20.0 0 0 40 41 
19 24.0 28.0 20.0 21.0 0 1 42 43 
20 24.0 26.0 21.0 24.0 0 0 44 45 
21 26.0 28.0 21.0 24.0 0 0 45 46 
22 16.0 20.0 24.0 28.0 0 0 15 16 
23 20.0 21.0 24.0 28.0 0 1 17 18 
24 21.0 24.0 24.0 26.0 0 0 19 20 
25 21.0 24.0 26.0 28.0 0 0 20 21 
26 10.0 12.0 10.0 12.0 0 1 0 22 25 47 50 
27 10.0 12.0 12.0 20.0 0 1 1 2 5 9 22 23 
28 10.0 12.0 20.0 28.0 0 1 3 4 11 13 23 24 
29 12.0 20.0 10.0 12.0 0 1 26 27 30 34 47 48 
30 20.0 28.0 10.0 12.0 0 1 28 29 36 38 48 49 
31 16.0 24.0 16.0 24.0 0 1 10 12 15 17 19 35 37 40 42 44 
32 50.0 60.0 0.0 10.0 0 0 152 
33 0.0 10.0 50.0 60.0 0 0 101 
34 50.0 60.0 50.0 60.0 0 0 203 
35 50.0 55.0 10.0 13.0 0 0 102 152 
36 5.0 10.0 47.0 50.0 0 0 51 101 
37 50.0 55.0 47.0 50.0 0 0 153 203 
38 50.0 55.0 13.0 16.0 0 0 103 
39 5.0 10.0 44.0 47.0 0 0 52 
40 50.0 55.0 44.0 47.0 0 0 154 
41 50.0 55.0 16.0 20.0 0 0 104 
42 5.0 10.0 40.0 44.0 0 0 53 
43 50.0 55.0 40.0 44.0 0 0 155 
44 50.0 55.0 20.0 24.0 0 0 105 
45 5.0 10.0 36.0 40.0 0 0 54 
46 50.0 55.0 36.0 40.0 0 0 156 
47 50.0 55.0 24.0 28.0 0 0 106 
48 5.0 10.0 32.0 36.0 0 0 55 
49 50.0 55.0 32.0 36.0 0 0 157 
50 47.0 50.0 5.0 10.0 0 0 127 152 
51 10.0 13.0 50.0 55.0 0 0 76 101 
52 47.0 50.0 50.0 55.0 0 0 178 203 
53 44.0 47.0 5.0 10.0 0 0 128 
54 13.0 16.0 50.0 55.0 0 0 77 
55 44.0 47.0 50.0 55.0 0 0 179 
56 40.0 44.0 5.0 10.0 0 0 129 
57 16.0 20.0 50.0 55.0 0 0 78 
58 40.0 44.0 50.0 55.0 0 0 180 
59 36.0 40.0 5.0 10.0 0 0 130 
60 20.0 24.0 50.0 55.0 0 0 79 
61 36.0 40.0 50.0 55.0 0 0 181 
62 32.0 36.0 5.0 10.0 0 0 131 
63 24.0 28.0 50.0 55.0 0 0 80 
64 32.0 36.0 50.0 55.0 0 0 182 
65 44.0 48.0 12.0 16.0 0 0 107 108 132 133 
66 12.0 16.0 44.0 48.0 0 0 56 57 81 82 
67 44.0 48.0 44.0 48.0 0 0 158 159 183 184 
68 40.0 44.0 12.0 16.0 0 0 108 109 136 137 
69 16.0 20.0 44.0 48.0 0 0 57 58 85 86 
70 40.0 44.0 44.0 48.0 0 0 159 160 187 188 
71 36.0 40.0 12.0 16.0 0 0 109 110 138 139 
72 20.0 24.0 44.0 48.0 0 0 58 59 87 88 
73 36.0 40.0 44.0 48.0 0 0 160 161 189 190 
74 32.0 36.0 12.0 16.0 0 0 110 140 141 
75 24.0 28.0 44.0 48.0 0 0 59 89 90 
76 32.0 36.0 44.0 48.0 0 0 161 191 192 
77 44.0 48.0 16.0 20.0 0 0 111 112 133 134 
78 12.0 16.0 40.0 44.0 0 0 60 61 82 83 
79 44.0 48.0 40.0 44.0 0 0 162 163 184 185 
80 44.0 48.0 20.0 24.0 0 0 113 114 134 135 
81 12.0 16.0 36.0 40.0 0 0 62 63 83 84 
82 44.0 48.0 36.0 40.0 0 0 164 165 185 186 
83 44.0 48.0 24.0 28.0 0 0 115 116 135 
84 12.0 16.0 32.0 36.0 0 0 64 65 84 
85 44.0 48.0 32.0 36.0 0 0 166 167 186 
86 32.0 36.0 16.0 20.0 0 0 142 143 
87 24.0 28.0 40.0 44.0 0 0 91 92 
88 32.0 36.0 40.0 44.0 0 0 193 194 
89 32.0 36.0 20.0 21.0 0 1 144 145 
90 24.0 28.0 39.0 40.0 0 1 93 94 
91 32.0 36.0 39.0 40.0 0 1 195 196 
92 34.0 36.0 21.0 24.0 0 0 146 147 
93 24.0 26.0 36.0 39.0 0 0 95 96 
94 34.0 36.0 36.0 39.0 0 0 197 198 
95 32.0 34.0 21.0 24.0 0 0 147 148 
96 26.0 28.0 36.0 39.0 0 0 96 97 
97 32.0 34.0 36.0 39.0 0 0 198 199 
98 40.0 44.0 24.0 28.0 0 0 117 118 
99 16.0 20.0 32.0 36.0 0 0 66 67 
100 40.0 44.0 32.0 36.0 0 0 168 169 
101 39.0 40.0 24.0 28.0 0 1 119 120 
102 20.0 21.0 32.0 36.0 0 1 68 69 
103 39.0 40.0 32.0 36.0 0 1 170 171 
104 36.0 39.0 24.0 26.0 0 0 121 122 
105 21.0 24.0 34.0 36.0 0 0 70 71 
106 36.0 39.0 34.0 36.0 0 0 172 173 
107 36.0 39.0 26.0 28.0 0 0 122 123 
108 21.0 24.0 32.0 34.0 0 0 71 72 
109 36.0 39.0 32.0 34.0 0 0 173 174 
110 48.0 50.0 10.0 12.0 0 1 102 124 127 149 152 
111 10.0 12.0 48.0 50.0 0 1 51 73 76 98 101 
112 48.0 50.0 48.0 50.0 0 1 153 175 178 200 203 
113 48.0 50.0 12.0 20.0 0 1 103 104 107 111 124 125 
114 10.0 12.0 40.0 48.0 0 1 52 53 56 60 73 74 
115 48.0 50.0 40.0 48.0 0 1 154 155 158 162 175 176 
116 48.0 50.0 20.0 28.0 0 1 105 106 113 115 125 126 
117 10.0 12.0 32.0 40.0 0 1 54 55 62 64 74 75 
118 48.0 50.0 32.0 40.0 0 1 156 157 164 166 176 177 
119 40.0 48.0 10.0 12.0 0 1 128 129 132 136 149 150 
120 12.0 20.0 48.0 50.0 0 1 77 78 81 85 98 99 
121 40.0 48.0 48.0 50.0 0 1 179 180 183 187 200 201 
122 32.0 40.0 10.0 12.0 0 1 130 131 138 140 150 151 
123 20.0 28.0 48.0 50.0 0 1 79 80 87 89 99 100 
124 32.0 40.0 48.0 50.0 0 1 181 182 189 191 201 202 
125 36.0 44.0 16.0 24.0 0 1 112 114 117 119 121 137 139 142 144 146 
126 16.0 24.0 36.0 44.0 0 1 61 63 66 68 70 86 88 91 93 95 
127 36.0 44.0 36.0 44.0 0 1 163 165 168 170 172 188 190 193 195 197 
128 5.0 10.0 28.0 32.0 0 2 204 205 
129 28.0 32.0 5.0 10.0 0 2 206 207 
130 28.0 32.0 50.0 55.0 0 2 208 209 
131 50.0 55.0 28.0 32.0 0 2 210 211 
132 10.0 12.0 28.0 32.0 0 1 24 75 205 212 
133 12.0 24.0 28.0 32.0 0 1 14 16 18 21 65 67 69 72 212 213 
134 28.0 32.0 10.0 12.0 0 1 49 151 207 214 
135 28.0 32.0 12.0 24.0 0 1 39 41 43 46 141 143 145 148 214 215 
136 28.0 32.0 36.0 48.0 0 1 90 92 94 97 192 194 196 199 216 217 
137 28.0 32.0 48.0 50.0 0 1 100 202 208 217 
138 36.0 48.0 28.0 32.0 0 1 116 118 120 123 167 169 171 174 218 219 
139 48.0 50.0 28.0 32.0 0 1 126 177 210 219 
140 24.0 36.0 24.0 36.0 0 1 213 215 216 218 
141 0.0 10.0 0.0 10.0 1 0 270 
142 5.0 10.0 10.0 13.0 1 0 220 270 
143 5.0 10.0 13.0 16.0 1 0 221 
144 5.0 10.0 16.0 20.0 1 0 222 
145 5.0 10.0 20.0 24.0 1 0 223 
146 5.0 10.0 24.0 28.0 1 0 224 
147 10.0 13.0 5.0 10.0 1 0 245 270 
148 13.0 16.0 5.0 10.0 1 0 246 
149 16.0 20.0 5.0 10.0 1 0 247 
150 20.0 24.0 5.0 10.0 1 0 248 
151 24.0 28.0 5.0 10.0 1 0 249 
152 12.0 16.0 12.0 16.0 1 0 225 226 250 251 
153 16.0 20.0 12.0 16.0 1 0 226 227 254 255 
154 20.0 24.0 12.0 16.0 1 0 227 228 256 257 
155 24.0 28.0 12.0 16.0 1 0 228 258 259 
156 12.0 16.0 16.0 20.0 1 0 229 230 251 252 
157 12.0 16.0 20.0 24.0 1 0 231 232 252 253 
158 12.0 16.0 24.0 28.0 1 0 233 234 253 
159 24.0 28.0 16.0 20.0 1 0 260 261 
160 24.0 28.0 20.0 21.0 1 1 262 263 
161 24.0 26.0 21.0 24.0 1 0 264 265 
162 26.0 28.0 21.0 24.0 1 0 265 266 
163 16.0 20.0 24.0 28.0 1 0 235 236 
164 20.0 21.0 24.0 28.0 1 1 237 238 
165 21.0 24.0 24.0 26.0 1 0 239 240 
166 21.0 24.0 26.0 28.0 1 0 240 241 
167 10.0 12.0 10.0 12.0 1 1 220 242 245 267 270 
168 10.0 12.0 12.0 20.0 1 1 221 222 225 229 242 243 
169 10.0 12.0 20.0 28.0 1 1 223 224 231 233 243 244 
170 12.0 20.0 10.0 12.0 1 1 246 247 250 254 267 268 
171 20.0 28.0 10.0 12.0 1 1 248 249 256 258 268 269 
172 16.0 24.0 16.0 24.0 1 1 230 232 235 237 239 255 257 260 262 264 
173 50.0 60.0 0.0 10.0 1 0 372 
174 0.0 10.0 50.0 60.0 1 0 321 
175 50.0 60.0 50.0 60.0 1 0 423 
176 50.0 55.0 10.0 13.0 1 0 322 372 
177 5.0 10.0 47.0 50.0 1 0 271 321 
178 50.0 55.0 47.0 50.0 1 0 373 423 
179 50.0 55.0 13.0 16.0 1 0 323 
180 5.0 10.0 44.0 47.0 1 0 272 
181 50.0 55.0 44.0 47.0 1 0 374 
182 50.0 55.0 16.0 20.0 1 0 324 
183 5.0 10.0 40.0 44.0 1 0 273 
184 50.0 55.0 40.0 44.0 1 0 375 
185 50.0 55.0 20.0 24.0 1 0 325 
186 5.0 10.0 36.0 40.0 1 0 274 
187 50.0 55.0 36.0 40.0 1 0 376 
188 50.0 55.0 24.0 28.0 1 0 326 
189 5.0 10.0 32.0 36.0 1 0 275 
190 50.0 55.0 32.0 36.0 1 0 377 
191 47.0 50.0 5.0 10.0 1 0 347 372 
192 10.0 13.0 50.0 55.0 1 0 296 321 
193 47.0 50.0 50.0 55.0 1 0 398 423 
194 44.0 47.0 5.0 10.0 1 0 348 
195 13.0 16.0 50.0 55.0 1 0 297 
196 44.0 47.0 50.0 55.0 1 0 399 
197 40.0 44.0 5.0 10.0 1 0 349 
198 16.0 20.0 50.0 55.0 1 0 298 
199 40.0 44.0 50.0 55.0 1 0 400 
200 36.0 40.0 5.0 10.0 1 0 350 
201 20.0 24.0 50.0 55.0 1 0 299 
202 36.0 40.0 50.0 55.0 1 0 401 
203 32.0 36.0 5.0 10.0 1 0 351 
204 24.0 28.0 50.0 55.0 1 0 300 
205 32.0 36.0 50.0 55.0 1 0 402 
206 44.0 48.0 12.0 16.0 1 0 327 328 352 353 
207 12.0 16.0 44.0 48.0 1 0 276 277 301 302 
208 44.0 48.0 44.0 48.0 1 0 378 379 403 404 
209 40.0 44.0 12.0 16.0 1 0 328 329 356 357 
210 16.0 20.0 44.0 48.0 1 0 277 278 305 306 
211 40.0 44.0 44.0 48.0 1 0 379 380 407 408 
212 36.0 40.0 12.0 16.0 1 0 329 330 358 359 
213 20.0 24.0 44.0 48.0 1 0 278 279 307 308 
214 36.0 40.0 44.0 48.0 1 0 380 381 409 410 
215 32.0 36.0 12.0 16.0 1 0 330 360 361 
216 24.0 28.0 44.0 48.0 1 0 279 309 310 
217 32.0 36.0 44.0 48.0 1 0 381 411 412 
218 44.0 48.0 16.0 20.0 1 0 331 332 353 354 
219 12.0 16.0 40.0 44.0 1 0 280 281 302 303 
220 44.0 48.0 40.0 44.0 1 0 382 383 404 405 
221 44.0 48.0 20.0 24.0 1 0 333 334 354 355 
222 12.0 16.0 36.0 40.0 1 0 282 283 303 304 
223 44.0 48.0 36.0 40.0 1 0 384 385 405 406 
224 44.0 48.0 24.0 28.0 1 0 335 336 355 
225 12.0 16.0 32.0 36.0 1 0 284 285 304 
226 44.0 48.0 32.0 36.0 1 0 386 387 406 
227 32.0 36.0 16.0 20.0 1 0 362 363 
228 24.0 28.0 40.0 44.0 1 0 311 312 
229 32.0 36.0 40.0 44.0 1 0 413 414 
230 32.0 36.0 20.0 21.0 1 1 364 365 
231 24.0 28.0 39.0 40.0 1 1 313 314 
232 32.0 36.0 39.0 40.0 1 1 415 416 
233 34.0 36.0 21.0 24.0 1 0 366 367 
234 24.0 26.0 36.0 39.0 1 0 315 316 
235 34.0 36.0 36.0 39.0 1 0 417 418 
236 32.0 34.0 21.0 24.0 1 0 367 368 
237 26.0 28.0 36.0 39.0 1 0 316 317 
238 32.0 34.0 36.0 39.0 1 0 418 419 
239 40.0 44.0 24.0 28.0 1 0 337 338 
240 16.0 20.0 32.0 36.0 1 0 286 287 
241 40.0 44.0 32.0 36.0 1 0 388 389 
242 39.0 40.0 24.0 28.0 1 1 339 340 
243 20.0 21.0 32.0 36.0 1 1 288 289 
244 39.0 40.0 32.0 36.0 1 1 390 391 
245 36.0 39.0 24.0 26.0 1 0 341 342 
246 21.0 24.0 34.0 36.0 1 0 290 291 
247 36.0 39.0 34.0 36.0 1 0 392 393 
248 36.0 39.0 26.0 28.0 1 0 342 343 
249 21.0 24.0 32.0 34.0 1 0 291 292 
250 36.0 39.0 32.0 34.0 1 0 393 394 
251 48.0 50.0 10.0 12.0 1 1 322 344 347 369 372 
252 10.0 12.0 48.0 50.0 1 1 271 293 296 318 321 
253 48.0 50.0 48.0 50.0 1 1 373 395 398 420 423 
254 48.0 50.0 12.0 20.0 1 1 323 324 327 331 344 345 
255 10.0 12.0 40.0 48.0 1 1 272 273 276 280 293 294 
256 48.0 50.0 40.0 48.0 1 1 374 375 378 382 395 396 
257 48.0 50.0 20.0 28.0 1 1 325 326 333 335 345 346 
258 10.0 12.0 32.0 40.0 1 1 274 275 282 284 294 295 
259 48.0 50.0 32.0 40.0 1 1 376 377 384 386 396 397 
260 40.0 48.0 10.0 12.0 1 1 348 349 352 356 369 370 
261 12.0 20.0 48.0 50.0 1 1 297 298 301 305 318 319 
262 40.0 48.0 48.0 50.0 1 1 399 400 403 407 420 421 
263 32.0 40.0 10.0 12.0 1 1 350 351 358 360 370 371 
264 20.0 28.0 48.0 50.0 1 1 299 300 307 309 319 320 
265 32.0 40.0 48.0 50.0 1 1 401 402 409 411 421 422 
266 36.0 44.0 16.0 24.0 1 1 332 334 337 339 341 357 359 362 364 366 
267 16.0 24.0 36.0 44.0 1 1 281 283 286 288 290 306 308 311 313 315 
268 36.0 44.0 36.0 44.0 1 1 383 385 388 390 392 408 410 413 415 417 
269 5.0 10.0 28.0 32.0 1 2 424 425 
270 28.0 32.0 5.0 10.0 1 2 426 427 
271 28.0 32.0 50.0 55.0 1 2 428 429 
272 50.0 55.0 28.0 32.0 1 2 430 431 
273 10.0 12.0 28.0 32.0 1 1 244 295 425 432 
274 12.0 24.0 28.0 32.0 1 1 234 236 238 241 285 287 289 292 432 433 
275 28.0 32.0 10.0 12.0 1 1 269 371 427 434 
276 28.0 32.0 12.0 24.0 1 1 259 261 263 266 361 363 365 368 434 435 
277 28.0 32.0 36.0 48.0 1 1 310 312 314 317 412 414 416 419 436 437 
278 28.0 32.0 48.0 50.0 1 1 320 422 428 437 
279 36.0 48.0 28.0 32.0 1 1 336 338 340 343 387 389 391 394 438 439 
280 48.0 50.0 28.0 32.0 1 1 346 397 430 439 
281 24.0 36.0 24.0 36.0 1 1 433 435 436 438 
282 0.0 10.0 0.0 10.0 2 0 490 
283 5.0 10.0 10.0 13.0 2 0 440 490 
284 5.0 10.0 13.0 16.0 2 0 441 
285 5.0 10.0 16.0 20.0 2 0 442 
286 5.0 10.0 20.0 24.0 2 0 443 
287 5.0 10.0 24.0 28.0 2 0 444 
288 10.0 13.0 5.0 10.0 2 0 465 490 
289 13.0 16.0 5.0 10.0 2 0 466 
290 16.0 20.0 5.0 10.0 2 0 467 
291 20.0 24.0 5.0 10.0 2 0 468 
292 24.0 28.0 5.0 10.0 2 0 469 
293 12.0 16.0 12.0 16.0 2 0 445 446 470 471 
294 16.0 20.0 12.0 16.0 2 0 446 447 474 475 
295 20.0 24.0 12.0 16.0 2 0 447 448 476 477 
296 24.0 28.0 12.0 16.0 2 0 448 478 479 
297 12.0 16.0 16.0 20.0 2 0 449 450 471 472 
298 12.0 16.0 20.0 24.0 2 0 451 452 472 473 
299 12.0 16.0 24.0 28.0 2 0 453 454 473 
300 24.0 28.0 16.0 20.0 2 0 480 481 
301 24.0 28.0 20.0 21.0 2 1 482 483 
302 24.0 26.0 21.0 24.0 2 0 484 485 
303 26.0 28.0 21.0 24.0 2 0 485 486 
304 16.0 20.0 24.0 28.0 2 0 455 456 
305 20.0 21.0 24.0 28.0 2 1 457 458 
306 21.0 24.0 24.0 26.0 2 0 459 460 
307 21.0 24.0 26.0 28.0 2 0 460 461 
308 10.0 12.0 10.0 12.0 2 1 440 462 465 487 490 
309 10.0 12.0 12.0 20.0 2 1 441 442 445 449 462 463 
310 10.0 12.0 20.0 28.0 2 1 443 444 451 453 463 464 
311 12.0 20.0 10.0 12.0 2 1 466 467 470 474 487 488 
312 20.0 28.0 10.0 12.0 2 1 468 469 476 478 488 489 
313 16.0 24.0 16.0 24.0 2 1 450 452 455 457 459 475 477 480 482 484 
314 50.0 60.0 0.0 10.0 2 0 592 
315 0.0 10.0 50.0 60.0 2 0 541 
316 50.0 60.0 50.0 60.0 2 0 643 
317 50.0 55.0 10.0 13.0 2 0 542 592 
318 5.0 10.0 47.0 50.0 2 0 491 541 
319 50.0 55.0 47.0 50.0 2 0 593 643 
320 50.0 55.0 13.0 16.0 2 0 543 
321 5.0 10.0 44.0 47.0 2 0 492 
322 50.0 55.0 44.0 47.0 2 0 594 
323 50.0 55.0 16.0 20.0 2 0 544 
324 5.0 10.0 40.0 44.0 2 0 493 
325 50.0 55.0 40.0 44.0 2 0 595 
326 50.0 55.0 20.0 24.0 2 0 545 
327 5.0 10.0 36.0 40.0 2 0 494 
328 50.0 55.0 36.0 40.0 2 0 596 
329 50.0 55.0 24.0 28.0 2 0 546 
330 5.0 10.0 32.0 36.0 2 0 495 
331 50.0 55.0 32.0 36.0 2 0 597 
332 47.0 50.0 5.0 10.0 2 0 567 592 
333 10.0 13.0 50.0 55.0 2 0 516 541 
334 47.0 50.0 50.0 55.0 2 0 618 643 
335 44.0 47.0 5.0 10.0 2 0 568 
336 13.0 16.0 50.0 55.0 2 0 517 
337 44.0 47.0 50.0 55.0 2 0 619 
338 40.0 44.0 5.0 10.0 2 0 569 
339 16.0 20.0 50.0 55.0 2 0 518 
340 40.0 44.0 50.0 55.0 2 0 620 
341 36.0 40.0 5.0 10.0 2 0 570 
342 20.0 24.0 50.0 55.0 2 0 519 
343 36.0 40.0 50.0 55.0 2 0 621 
344 32.0 36.0 5.0 10.0 2 0 571 
345 24.0 28.0 50.0 55.0 2 0 520 
346 32.0 36.0 50.0 55.0 2 0 622 
347 44.0 48.0 12.0 16.0 2 0 547 548 572 573 
348 12.0 16.0 44.0 48.0 2 0 496 497 521 522 
349 44.0 48.0 44.0 48.0 2 0 598 599 623 624 
350 40.0 44.0 12.0 16.0 2 0 548 549 576 577 
351 16.0 20.0 44.0 48.0 2 0 497 498 525 526 
352 40.0 44.0 44.0 48.0 2 0 599 600 627 628 
353 36.0 40.0 12.0 16.0 2 0 549 550 578 579 
354 20.0 24.0 44.0 48.0 2 0 498 499 527 528 
355 36.0 40.0 44.0 48.0 2 0 600 601 629 630 
356 32.0 36.0 12.0 16.0 2 0 550 580 581 
357 24.0 28.0 44.0 48.0 2 0 499 529 530 
358 32.0 36.0 44.0 48.0 2 0 601 631 632 
359 44.0 48.0 16.0 20.0 2 0 551 552 573 574 
360 12.0 16.0 40.0 44.0 2 0 500 501 522 523 
361 44.0 48.0 40.0 44.0 2 0 602 603 624 625 
362 44.0 48.0 20.0 24.0 2 0 553 554 574 575 
363 12.0 16.0 36.0 40.0 2 0 502 503 523 524 
364 44.0 48.0 36.0 40.0 2 0 604 605 625 626 
365 44.0 48.0 24.0 28.0 2 0 555 556 575 
366 12.0 16.0 32.0 36.0 2 0 504 505 524 
367 44.0 48.0 32.0 36.0 2 0 606 607 626 
368 32.0 36.0 16.0 20.0 2 0 582 583 
369 24.0 28.0 40.0 44.0 2 0 531 532 
370 32.0 36.0 40.0 44.0 2 0 633 634 
371 32.0 36.0 20.0 21.0 2 1 584 585 
372 24.0 28.0 39.0 40.0 2 1 533 534 
373 32.0 36.0 39.0 40.0 2 1 635 636 
374 34.0 36.0 21.0 24.0 2 0 586 587 
375 24.0 26.0 36.0 39.0 2 0 535 536 
376 34.0 36.0 36.0 39.0 2 0 637 638 
377 32.0 34.0 21.0 24.0 2 0 587 588 
378 26.0 28.0 36.0 39.0 2 0 536 537 
379 32.0 34.0 36.0 39.0 2 0 638 639 
380 40.0 44.0 24.0 28.0 2 0 557 558 
381 16.0 20.0 32.0 36.0 2 0 506 507 
382 40.0 44.0 32.0 36.0 2 0 608 609 
383 39.0 40.0 24.0 28.0 2 1 559 560 
384 20.0 21.0 32.0 36.0 2 1 508 509 
385 39.0 40.0 32.0 36.0 2 1 610 611 
386 36.0 39.0 24.0 26.0 2 0 561 562 
387 21.0 24.0 34.0 36.0 2 0 510 511 
388 36.0 39.0 34.0 36.0 2 0 612 613 
389 36.0 39.0 26.0 28.0 2 0 562 563 
390 21.0 24.0 32.0 34.0 2 0 511 512 
391 36.0 39.0 32.0 34.0 2 0 613 614 
392 48.0 50.0 10.0 12.0 2 1 542 564 567 589 592 
393 10.0 12.0 48.0 50.0 2 1 491 513 516 538 541 
394 48.0 50.0 48.0 50.0 2 1 593 615 618 640 643 
395 48.0 50.0 12.0 20.0 2 1 543 544 547 551 564 565 
396 10.0 12.0 40.0 48.0 2 1 492 493 496 500 513 514 
397 48.0 50.0 40.0 48.0 2 1 594 595 598 602 615 616 
398 48.0 50.0 20.0 28.0 2 1 545 546 553 555 565 566 
399 10.0 12.0 32.0 40.0 2 1 494 495 502 504 514 515 
400 48.0 50.0 32.0 40.0 2 1 596 597 604 606 616 617 
401 40.0 48.0 10.0 12.0 2 1 568 569 572 576 589 590 
402 12.0 20.0 48.0 50.0 2 1 517 518 521 525 538 539 
403 40.0 48.0 48.0 50.0 2 1 619 620 623 627 640 641 
404 32.0 40.0 10.0 12.0 2 1 570 571 578 580 590 591 
405 20.0 28.0 48.0 50.0 2 1 519 520 527 529 539 540 
406 32.0 40.0 48.0 50.0 2 1 621 622 629 631 641 642 
407 36.0 44.0 16.0 24.0 2 1 552 554 557 559 561 577 579 582 584 586 
408 16.0 24.0 36.0 44.0 2 1 501 503 506 508 510 526 528 531 533 535 
409 36.0 44.0 36.0 44.0 2 1 603 605 608 610 612 628 630 633 635 637 
410 5.0 10.0 28.0 32.0 2 2 644 645 
411 28.0 32.0 5.0 10.0 2 2 646 647 
412 28.0 32.0 50.0 55.0 2 2 648 649 
413 50.0 55.0 28.0 32.0 2 2 650 651 
414 10.0 12.0 28.0 32.0 2 1 464 515 645 652 
415 12.0 24.0 28.0 32.0 2 1 454 456 458 461 505 507 509 512 652 653 
416 28.0 32.0 10.0 12.0 2 1 489 591 647 654 
417 28.0 32.0 12.0 24.0 2 1 479 481 483 486 581 583 585 588 654 655 
418 28.0 32.0 36.0 48.0 2 1 530 532 534 537 632 634 636 639 656 657 
419 28.0 32.0 48.0 50.0 2 1 540 642 648 657 
420 36.0 48.0 28.0 32.0 2 1 556 558 560 563 607 609 611 614 658 659 
421 48.0 50.0 28.0 32.0 2 1 566 617 650 659 
422 24.0 36.0 24.0 36.0 2 1 653 655 656 658 
423 0.0 10.0 0.0 10.0 3 0 710 
424 5.0 10.0 10.0 13.0 3 0 660 710 
425 5.0 10.0 13.0 16.0 3 0 661 
426 5.0 10.0 16.0 20.0 3 0 662 
427 5.0 10.0 20.0 24.0 3 0 663 
428 5.0 10.0 24.0 28.0 3 0 664 
429 10.0 13.0 5.0 10.0 3 0 685 710 
430 13.0 16.0 5.0 10.0 3 0 686 
431 16.0 20.0 5.0 10.0 3 0 687 
432 20.0 24.0 5.0 10.0 3 0 688 
433 24.0 28.0 5.0 10.0 3 0 689 
434 12.0 16.0 12.0 16.0 3 0 665 666 690 691 
435 16.0 20.0 12.0 16.0 3 0 666 667 694 695 
436 20.0 24.0 12.0 16.0 3 0 667 668 696 697 
437 24.0 28.0 12.0 16.0 3 0 668 698 699 
438 12.0 16.0 16.0 20.0 3 0 669 670 691 692 
439 12.0 16.0 20.0 24.0 3 0 671 672 692 693 
440 12.0 16.0 24.0 28.0 3 0 673 674 693 
441 24.0 28.0 16.0 20.0 3 0 700 701 
442 24.0 28.0 20.0 21.0 3 1 702 703 
443 24.0 26.0 21.0 24.0 3 0 704 705 
444 26.0 28.0 21.0 24.0 3 0 705 706 
445 16.0 20.0 24.0 28.0 3 0 675 676 
446 20.0 21.0 24.0 28.0 3 1 677 678 
447 21.0 24.0 24.0 26.0 3 0 679 680 
448 21.0 24.0 26.0 28.0 3 0 680 681 
449 10.0 12.0 10.0 12.0 3 1 660 682 685 707 710 
450 10.0 12.0 12.0 20.0 3 1 661 662 665 669 682 683 
451 10.0 12.0 20.0 28.0 3 1 663 664 671 673 683 684 
452 12.0 20.0 10.0 12.0 3 1 686 687 690 694 707 708 
453 20.0 28.0 10.0 12.0 3 1 688 689 696 698 708 709 
454 16.0 24.0 16.0 24.0 3 1 670 672 675 677 679 695 697 700 702 704 
455 50.0 60.0 0.0 10.0 3 0 812 
456 0.0 10.0 50.0 60.0 3 0 761 
457 50.0 60.0 50.0 60.0 3 0 863 
458 50.0 55.0 10.0 13.0 3 0 762 812 
459 5.0 10.0 47.0 50.0 3 0 711 761 
460 50.0 55.0 47.0 50.0 3 0 813 863 
461 50.0 55.0 13.0 16.0 3 0 763 
462 5.0 10.0 44.0 47.0 3 0 712 
463 50.0 55.0 44.0 47.0 3 0 814 
464 50.0 55.0 16.0 20.0 3 0 764 
465 5.0 10.0 40.0 44.0 3 0 713 
466 50.0 55.0 40.0 44.0 3 0 815 
467 50.0 55.0 20.0 24.0 3 0 765 
468 5.0 10.0 36.0 40.0 3 0 714 
469 50.0 55.0 36.0 40.0 3 0 816 
470 50.0 55.0 24.0 28.0 3 0 766 
471 5.0 10.0 32.0 36.0 3 0 715 
472 50.0 55.0 32.0 36.0 3 0 817 
473 47.0 50.0 5.0 10.0 3 0 787 812 
474 10.0 13.0 50.0 55.0 3 0 736 761 
475 47.0 50.0 50.0 55.0 3 0 838 863 
476 44.0 47.0 5.0 10.0 3 0 788 
477 13.0 16.0 50.0 55.0 3 0 737 
478 44.0 47.0 50.0 55.0 3 0 839 
479 40.0 44.0 5.0 10.0 3 0 789 
480 16.0 20.0 50.0 55.0 3 0 738 
481 40.0 44.0 50.0 55.0 3 0 840 
482 36.0 40.0 5.0 10.0 3 0 790 
483 20.0 24.0 50.0 55.0 3 0 739 
484 36.0 40.0 50.0 55.0 3 0 841 
485 32.0 36.0 5.0 10.0 3 0 791 
486 24.0 28.0 50.0 55.0 3 0 740 
487 32.0 36.0 50.0 55.0 3 0 842 
488 44.0 48.0 12.0 16.0 3 0 767 768 792 793 
489 12.0 16.0 44.0 48.0 3 0 716 717 741 742 
490 44.0 48.0 44.0 48.0 3 0 818 819 843 844 
491 40.0 44.0 12.0 16.0 3 0 768 769 796 797 
492 16.0 20.0 44.0 48.0 3 0 717 718 745 746 
493 40.0 44.0 44.0 48.0 3 0 819 820 847 848 
494 36.0 40.0 12.0 16.0 3 0 769 770 798 799 
495 20.0 24.0 44.0 48.0 3 0 718 719 747 748 
496 36.0 40.0 44.0 48.0 3 0 820 821 849 850 
497 32.0 36.0 12.0 16.0 3 0 770 800 801 
498 24.0 28.0 44.0 48.0 3 0 719 749 750 
499 32.0 36.0 44.0 48.0 3 0 821 851 852 
500 44.0 48.0 16.0 20.0 3 0 771 772 793 794 
501 12.0 16.0 40.0 44.0 3 0 720 721 742 743 
502 44.0 48.0 40.0 44.0 3 0 822 823 844 845 
503 44.0 48.0 20.0 24.0 3 0 773 774 794 795 
504 12.0 16.0 36.0 40.0 3 0 722 723 743 744 
505 44.0 48.0 36.0 40.0 3 0 824 825 845 846 
506 44.0 48.0 24.0 28.0 3 0 775 776 795 
507 12.0 16.0 32.0 36.0 3 0 724 725 744 
508 44.0 48.0 32.0 36.0 3 0 826 827 846 
509 32.0 36.0 16.0 20.0 3 0 802 803 
510 24.0 28.0 40.0 44.0 3 0 751 752 
511 32.0 36.0 40.0 44.0 3 0 853 854 
512 32.0 36.0 20.0 21.0 3 1 804 805 
513 24.0 28.0 39.0 40.0 3 1 753 754 
514 32.0 36.0 39.0 40.0 3 1 855 856 
515 34.0 36.0 21.0 24.0 3 0 806 807 
516 24.0 26.0 36.0 39.0 3 0 755 756 
517 34.0 36.0 36.0 39.0 3 0 857 858 
518 32.0 34.0 21.0 24.0 3 0 807 808 
519 26.0 28.0 36.0 39.0 3 0 756 757 
520 32.0 34.0 36.0 39.0 3 0 858 859 
521 40.0 44.0 24.0 28.0 3 0 777 778 
522 16.0 20.0 32.0 36.0 3 0 726 727 
523 40.0 44.0 32.0 36.0 3 0 828 829 
524 39.0 40.0 24.0 28.0 3 1 779 780 
525 20.0 21.0 32.0 36.0 3 1 728 729 
526 39.0 40.0 32.0 36.0 3 1 830 831 
527 36.0 39.0 24.0 26.0 3 0 781 782 
528 21.0 24.0 34.0 36.0 3 0 730 731 
529 36.0 39.0 34.0 36.0 3 0 832 833 
530 36.0 39.0 26.0 28.0 3 0 782 783 
531 21.0 24.0 32.0 34.0 3 0 731 732 
532 36.0 39.0 32.0 34.0 3 0 833 834 
533 48.0 50.0 10.0 12.0 3 1 762 784 787 809 812 
534 10.0 12.0 48.0 50.0 3 1 711 733 736 758 761 
535 48.0 50.0 48.0 50.0 3 1 813 835 838 860 863 
536 48.0 50.0 12.0 20.0 3 1 763 764 767 771 784 785 
537 10.0 12.0 40.0 48.0 3 1 712 713 716 720 733 734 
538 48.0 50.0 40.0 48.0 3 1 814 815 818 822 835 836 
539 48.0 50.0 20.0 28.0 3 1 765 766 773 775 785 786 
540 10.0 12.0 32.0 40.0 3 1 714 715 722 724 734 735 
541 48.0 50.0 32.0 40.0 3 1 816 817 824 826 836 837 
542 40.0 48.0 10.0 12.0 3 1 788 789 792 796 809 810 
543 12.0 20.0 48.0 50.0 3 1 737 738 741 745 758 759 
544 40.0 48.0 48.0 50.0 3 1 839 840 843 847 860 861 
545 32.0 40.0 10.0 12.0 3 1 790 791 798 800 810 811 
546 20.0 28.0 48.0 50.0 3 1 739 740 747 749 759 760 
547 32.0 40.0 48.0 50.0 3 1 841 842 849 851 861 862 
548 36.0 44.0 16.0 24.0 3 1 772 774 777 779 781 797 799 802 804 806 
549 16.0 24.0 36.0 44.0 3 1 721 723 726 728 730 746 748 751 753 755 
550 36.0 44.0 36.0 44.0 3 1 823 825 828 830 832 848 850 853 855 857 
551 5.0 10.0 28.0 32.0 3 2 864 865 
552 28.0 32.0 5.0 10.0 3 2 866 867 
553 28.0 32.0 50.0 55.0 3 2 868 869 
554 50.0 55.0 28.0 32.0 3 2 870 871 
555 10.0 12.0 28.0 32.0 3 1 684 735 865 872 
556 12.0 24.0 28.0 32.0 3 1 674 676 678 681 725 727 729 732 872 873 
557 28.0 32.0 10.0 12.0 3 1 709 811 867 874 
558 28.0 32.0 12.0 24.0 3 1 699 701 703 706 801 803 805 808 874 875 
559 28.0 32.0 36.0 48.0 3 1 750 752 754 757 852 854 856 859 876 877 
560 28.0 32.0 48.0 50.0 3 1 760 862 868 877 
561 36.0 48.0 28.0 32.0 3 1 776 778 780 783 827 829 831 834 878 879 
562 48.0 50.0 28.0 32.0 3 1 786 837 870 879 
563 24.0 36.0 24.0 36.0 3 1 873 875 876 878 
564 0.0 10.0 0.0 10.0 4 0 930 
565 5.0 10.0 10.0 13.0 4 0 880 930 
566 5.0 10.0 13.0 16.0 4 0 881 
567 5.0 10.0 16.0 20.0 4 0 882 
568 5.0 10.0 20.0 24.0 4 0 883 
569 5.0 10.0 24.0 28.0 4 0 884 
570 10.0 13.0 5.0 10.0 4 0 905 930 
571 13.0 16.0 5.0 10.0 4 0 906 
572 16.0 20.0 5.0 10.0 4 0 907 
573 20.0 24.0 5.0 10.0 4 0 908 
574 24.0 28.0 5.0 10.0 4 0 909 
575 12.0 16.0 12.0 16.0 4 0 885 886 910 911 
576 16.0 20.0 12.0 16.0 4 0 886 887 914 915 
577 20.0 24.0 12.0 16.0 4 0 887 888 916 917 
578 24.0 28.0 12.0 16.0 4 0 888 918 919 
579 12.0 16.0 16.0 20.0 4 0 889 890 911 912 
580 12.0 16.0 20.0 24.0 4 0 891 892 912 913 
581 12.0 16.0 24.0 28.0 4 0 893 894 913 
582 24.0 28.0 16.0 20.0 4 0 920 921 
583 24.0 28.0 20.0 21.0 4 1 922 923 
584 24.0 26.0 21.0 24.0 4 0 924 925 
585 26.0 28.0 21.0 24.0 4 0 925 926 
586 16.0 20.0 24.0 28.0 4 0 895 896 
587 20.0 21.0 24.0 28.0 4 1 897 898 
588 21.0 24.0 24.0 26.0 4 0 899 900 
589 21.0 24.0 26.0 28.0 4 0 900 901 
590 10.0 12.0 10.0 12.0 4 1 880 902 905 927 930 
591 10.0 12.0 12.0 20.0 4 1 881 882 885 889 902 903 
592 10.0 12.0 20.0 28.0 4 1 883 884 891 893 903 904 
593 12.0 20.0 10.0 12.0 4 1 906 907 910 914 927 928 
594 20.0 28.0 10.0 12.0 4 1 908 909 916 918 928 929 
595 16.0 24.0 16.0 24.0 4 1 890 892 895 897 899 915 917 920 922 924 
596 50.0 60.0 0.0 10.0 4 0 1032 
597 0.0 10.0 50.0 60.0 4 0 981 
598 50.0 60.0 50.0 60.0 4 0 1083 
599 50.0 55.0 10.0 13.0 4 0 982 1032 
600 5.0 10.0 47.0 50.0 4 0 931 981 
601 50.0 55.0 47.0 50.0 4 0 1033 1083 
602 50.0 55.0 13.0 16.0 4 0 983 
603 5.0 10.0 44.0 47.0 4 0 932 
604 50.0 55.0 44.0 47.0 4 0 1034 
605 50.0 55.0 16.0 20.0 4 0 984 
606 5.0 10.0 40.0 44.0 4 0 933 
607 50.0 55.0 40.0 44.0 4 0 1035 
608 50.0 55.0 20.0 24.0 4 0 985 
609 5.0 10.0 36.0 40.0 4 0 934 
610 50.0 55.0 36.0 40.0 4 0 1036 
611 50.0 55.0 24.0 28.0 4 0 986 
612 5.0 10.0 32.0 36.0 4 0 935 
613 50.0 55.0 32.0 36.0 4 0 1037 
614 47.0 50.0 5.0 10.0 4 0 1007 1032 
615 10.0 13.0 50.0 55.0 4 0 956 981 
616 47.0 50.0 50.0 55.0 4 0 1058 1083 
617 44.0 47.0 5.0 10.0 4 0 1008 
618 13.0 16.0 50.0 55.0 4 0 957 
619 44.0 47.0 50.0 55.0 4 0 1059 
620 40.0 44.0 5.0 10.0 4 0 1009 
621 16.0 20.0 50.0 55.0 4 0 958 
622 40.0 44.0 50.0 55.0 4 0 1060 
623 36.0 40.0 5.0 10.0 4 0 1010 
624 20.0 24.0 50.0 55.0 4 0 959 
625 36.0 40.0 50.0 55.0 4 0 1061 
626 32.0 36.0 5.0 10.0 4 0 1011 
627 24.0 28.0 50.0 55.0 4 0 960 
628 32.0 36.0 50.0 55.0 4 0 1062 
629 44.0 48.0 12.0 16.0 4 0 987 988 1012 1013 
630 12.0 16.0 44.0 48.0 4 0 936 937 961 962 
631 44.0 48.0 44.0 48.0 4 0 1038 1039 1063 1064 
632 40.0 44.0 12.0 16.0 4 0 988 989 1016 1017 
633 16.0 20.0 44.0 48.0 4 0 937 938 965 966 
634 40.0 44.0 44.0 48.0 4 0 1039 1040 1067 1068 
635 36.0 40.0 12.0 16.0 4 0 989 990 1018 1019 
636 20.0 24.0 44.0 48.0 4 0 938 939 967 968 
637 36.0 40.0 44.0 48.0 4 0 1040 1041 1069 1070 
638 32.0 36.0 12.0 16.0 4 0 990 1020 1021 
639 24.0 28.0 44.0 48.0 4 0 939 969 970 
640 32.0 36.0 44.0 48.0 4 0 1041 1071 1072 
641 44.0 48.0 16.0 20.0 4 0 991 992 1013 1014 
642 12.0 16.0 40.0 44.0 4 0 940 941 962 963 
643 44.0 48.0 40.0 44.0 4 0 1042 1043 1064 1065 
644 44.0 48.0 20.0 24.0 4 0 993 994 1014 1015 
645 12.0 16.0 36.0 40.0 4 0 942 943 963 964 
646 44.0 48.0 36.0 40.0 4 0 1044 1045 1065 1066 
647 44.0 48.0 24.0 28.0 4 0 995 996 1015 
648 12.0 16.0 32.0 36.0 4 0 944 945 964 
649 44.0 48.0 32.0 36.0 4 0 1046 1047 1066 
650 32.0 36.0 16.0 20.0 4 0 1022 1023 
651 24.0 28.0 40.0 44.0 4 0 971 972 
652 32.0 36.0 40.0 44.0 4 0 1073 1074 
653 32.0 36.0 20.0 21.0 4 1 1024 1025 
654 24.0 28.0 39.0 40.0 4 1 973 974 
655 32.0 36.0 39.0 40.0 4 1 1075 1076 
656 34.0 36.0 21.0 24.0 4 0 1026 1027 
657 24.0 26.0 36.0 39.0 4 0 975 976 
658 34.0 36.0 36.0 39.0 4 0 1077 1078 
659 32.0 34.0 21.0 24.0 4 0 1027 1028 
660 26.0 28.0 36.0 39.0 4 0 976 977 
661 32.0 34.0 36.0 39.0 4 0 1078 1079 
662 40.0 44.0 24.0 28.0 4 0 997 998 
663 16.0 20.0 32.0 36.0 4 0 946 947 
664 40.0 44.0 32.0 36.0 4 0 1048 1049 
665 39.0 40.0 24.0 28.0 4 1 999 1000 
666 20.0 21.0 32.0 36.0 4 1 948 949 
667 39.0 40.0 32.0 36.0 4 1 1050 1051 
668 36.0 39.0 24.0 26.0 4 0 1001 1002 
669 21.0 24.0 34.0 36.0 4 0 950 951 
670 36.0 39.0 34.0 36.0 4 0 1052 1053 
671 36.0 39.0 26.0 28.0 4 0 1002 1003 
672 21.0 24.0 32.0 34.0 4 0 951 952 
673 36.0 39.0 32.0 34.0 4 0 1053 1054 
674 48.0 50.0 10.0 12.0 4 1 982 1004 1007 1029 1032 
675 10.0 12.0 48.0 50.0 4 1 931 953 956 978 981 
676 48.0 50.0 48.0 50.0 4 1 1033 1055 1058 1080 1083 
677 48.0 50.0 12.0 20.0 4 1 983 984 987 991 1004 1005 
678 10.0 12.0 40.0 48.0 4 1 932 933 936 940 953 954 
679 48.0 50.0 40.0 48.0 4 1 1034 1035 1038 1042 1055 1056 
680 48.0 50.0 20.0 28.0 4 1 985 986 993 995 1005 1006 
681 10.0 12.0 32.0 40.0 4 1 934 935 942 944 954 955 
682 48.0 50.0 32.0 40.0 4 1 1036 1037 1044 1046 1056 1057 
683 40.0 48.0 10.0 12.0 4 1 1008 1009 1012 1016 1029 1030 
684 12.0 20.0 48.0 50.0 4 1 957 958 961 965 978 979 
685 40.0 48.0 48.0 50.0 4 1 1059 1060 1063 1067 1080 1081 
686 32.0 40.0 10.0 12.0 4 1 1010 1011 1018 1020 1030 1031 
687 20.0 28.0 48.0 50.0 4 1 959 960 967 969 979 980 
688 32.0 40.0 48.0 50.0 4 1 1061 1062 1069 1071 1081 1082 
689 36.0 44.0 16.0 24.0 4 1 992 994 997 999 1001 1017 1019 1022 1024 1026 
690 16.0 24.0 36.0 44.0 4 1 941 943 946 948 950 966 968 971 973 975 
691 36.0 44.0 36.0 44.0 4 1 1043 1045 1048 1050 1052 1068 1070 1073 1075 1077 
692 5.0 10.0 28.0 32.0 4 2 1084 1085 
693 28.0 32.0 5.0 10.0 4 2 1086 1087 
694 28.0 32.0 50.0 55.0 4 2 1088 1089 
695 50.0 55.0 28.0 32.0 4 2 1090 1091 
696 10.0 12.0 28.0 32.0 4 1 904 955 1085 1092 
697 12.0 24.0 28.0 32.0 4 1 894 896 898 901 945 947 949 952 1092 1093 
698 28.0 32.0 10.0 12.0 4 1 929 1031 1087 1094 
699 28.0 32.0 12.0 24.0 4 1 919 921 923 926 1021 1023 1025 1028 1094 1095 
700 28.0 32.0 36.0 48.0 4 1 970 972 974 977 1072 1074 1076 1079 1096 1097 
701 28.0 32.0 48.0 50.0 4 1 980 1082 1088 1097 
702 36.0 48.0 28.0 32.0 4 1 996 998 1000 1003 1047 1049 1051 1054 1098 1099 
703 48.0 50.0 28.0 32.0 4 1 1006 1057 1090 1099 
704 24.0 36.0 24.0 36.0 4 1 1093 1095 1096 1098 
705 0.0 10.0 0.0 10.0 5 0 1150 
706 5.0 10.0 10.0 13.0 5 0 1100 1150 
707 5.0 10.0 13.0 16.0 5 0 1101 
708 5.0 10.0 16.0 20.0 5 0 1102 
709 5.0 10.0 20.0 24.0 5 0 1103 
710 5.0 10.0 24.0 28.0 5 0 1104 
711 10.0 13.0 5.0 10.0 5 0 1125 1150 
712 13.0 16.0 5.0 10.0 5 0 1126 
713 16.0 20.0 5.0 10.0 5 0 1127 
714 20.0 24.0 5.0 10.0 5 0 1128 
715 24.0 28.0 5.0 10.0 5 0 1129 
716 12.0 16.0 12.0 16.0 5 0 1105 1106 1130 1131 
717 16.0 20.0 12.0 16.0 5 0 1106 1107 1134 1135 
718 20.0 24.0 12.0 16.0 5 0 1107 1108 1136 1137 
719 24.0 28.0 12.0 16.0 5 0 1108 1138 1139 
720 12.0 16.0 16.0 20.0 5 0 1109 1110 1131 1132 
721 12.0 16.0 20.0 24.0 5 0 1111 1112 1132 1133 
722 12.0 16.0 24.0 28.0 5 0 1113 1114 1133 
723 24.0 28.0 16.0 20.0 5 0 1140 1141 
724 24.0 28.0 20.0 21.0 5 1 1142 1143 
725 24.0 26.0 21.0 24.0 5 0 1144 1145 
726 26.0 28.0 21.0 24.0 5 0 1145 1146 
727 16.0 20.0 24.0 28.0 5 0 1115 1116 
728 20.0 21.0 24.0 28.0 5 1 1117 1118 
729 21.0 24.0 24.0 26.0 5 0 1119 1120 
730 21.0 24.0 26.0 28.0 5 0 1120 1121 
731 10.0 12.0 10.0 12.0 5 1 1100 1122 1125 1147 1150 
732 10.0 12.0 12.0 20.0 5 1 1101 1102 1105 1109 1122 1123 
733 10.0 12.0 20.0 28.0 5 1 1103 1104 1111 1113 1123 1124 
734 12.0 20.0 10.0 12.0 5 1 1126 1127 1130 1134 1147 1148 
735 20.0 28.0 10.0 12.0 5 1 1128 1129 1136 1138 1148 1149 
736 16.0 24.0 16.0 24.0 5 1 1110 1112 1115 1117 1119 1135 1137 1140 1142 1144 
737 50.0 60.0 0.0 10.0 5 0 1252 
738 0.0 10.0 50.0 60.0 5 0 1201 
739 50.0 60.0 50.0 60.0 5 0 1303 
740 50.0 55.0 10.0 13.0 5 0 1202 1252 
741 5.0 10.0 47.0 50.0 5 0 1151 1201 
742 50.0 55.0 47.0 50.0 5 0 1253 1303 
743 50.0 55.0 13.0 16.0 5 0 1203 
744 5.0 10.0 44.0 47.0 5 0 1152 
745 50.0 55.0 44.0 47.0 5 0 1254 
746 50.0 55.0 16.0 20.0 5 0 1204 
747 5.0 10.0 40.0 44.0 5 0 1153 
748 50.0 55.0 40.0 44.0 5 0 1255 
749 50.0 55.0 20.0 24.0 5 0 1205 
750 5.0 10.0 36.0 40.0 5 0 1154 
751 50.0 55.0 36.0 40.0 5 0 1256 
752 50.0 55.0 24.0 28.0 5 0 1206 
753 5.0 10.0 32.0 36.0 5 0 1155 
754 50.0 55.0 32.0 36.0 5 0 1257 
755 47.0 50.0 5.0 10.0 5 0 1227 1252 
756 10.0 13.0 50.0 55.0 5 0 1176 1201 
757 47.0 50.0 50.0 55.0 5 0 1278 1303 
758 44.0 47.0 5.0 10.0 5 0 1228 
759 13.0 16.0 50.0 55.0 5 0 1177 
760 44.0 47.0 50.0 55.0 5 0 1279 
761 40.0 44.0 5.0 10.0 5 0 1229 
762 16.0 20.0 50.0 55.0 5 0 1178 
763 40.0 44.0 50.0 55.0 5 0 1280 
764 36.0 40.0 5.0 10.0 5 0 1230 
765 20.0 24.0 50.0 55.0 5 0 1179 
766 36.0 40.0 50.0 55.0 5 0 1281 
767 32.0 36.0 5.0 10.0 5 0 1231 
768 24.0 28.0 50.0 55.0 5 0 1180 
769 32.0 36.0 50.0 55.0 5 0 1282 
770 44.0 48.0 12.0 16.0 5 0 1207 1208 1232 1233 
771 12.0 16.0 44.0 48.0 5 0 1156 1157 1181 1182 
772 44.0 48.0 44.0 48.0 5 0 1258 1259 1283 1284 
773 40.0 44.0 12.0 16.0 5 0 1208 1209 1236 1237 
774 16.0 20.0 44.0 48.0 5 0 1157 1158 1185 1186 
775 40.0 44.0 44.0 48.0 5 0 1259 1260 1287 1288 
776 36.0 40.0 12.0 16.0 5 0 1209 1210 1238 1239 
777 20.0 24.0 44.0 48.0 5 0 1158 1159 1187 1188 
778 36.0 40.0 44.0 48.0 5 0 1260 1261 1289 1290 
779 32.0 36.0 12.0 16.0 5 0 1210 1240 1241 
780 24.0 28.0 44.0 48.0 5 0 1159 1189 1190 
781 32.0 36.0 44.0 48.0 5 0 1261 1291 1292 
782 44.0 48.0 16.0 20.0 5 0 1211 1212 1233 1234 
783 12.0 16.0 40.0 44.0 5 0 1160 1161 1182 1183 
784 44.0 48.0 40.0 44.0 5 0 1262 1263 1284 1285 
785 44.0 48.0 20.0 24.0 5 0 1213 1214 1234 1235 
786 12.0 16.0 36.0 40.0 5 0 1162 1163 1183 1184 
787 44.0 48.0 36.0 40.0 5 0 1264 1265 1285 1286 
788 44.0 48.0 24.0 28.0 5 0 1215 1216 1235 
789 12.0 16.0 32.0 36.0 5 0 1164 1165 1184 
790 44.0 48.0 32.0 36.0 5 0 1266 1267 1286 
791 32.0 36.0 16.0 20.0 5 0 1242 1243 
792 24.0 28.0 40.0 44.0 5 0 1191 1192 
793 32.0 36.0 40.0 44.0 5 0 1293 1294 
794 32.0 36.0 20.0 21.0 5 1 1244 1245 
795 24.0 28.0 39.0 40.0 5 1 1193 1194 
796 32.0 36.0 39.0 40.0 5 1 1295 1296 
797 34.0 36.0 21.0 24.0 5 0 1246 1247 
798 24.0 26.0 36.0 39.0 5 0 1195 1196 
799 34.0 36.0 36.0 39.0 5 0 1297 1298 
800 32.0 34.0 21.0 24.0 5 0 1247 1248 
801 26.0 28.0 36.0 39.0 5 0 1196 1197 
802 32.0 34.0 36.0 39.0 5 0 1298 1299 
803 40.0 44.0 24.0 28.0 5 0 1217 1218 
804 16.0 20.0 32.0 36.0 5 0 1166 1167 
805 40.0 44.0 32.0 36.0 5 0 1268 1269 
806 39.0 40.0 24.0 28.0 5 1 1219 1220 
807 20.0 21.0 32.0 36.0 5 1 1168 1169 
808 39.0 40.0 32.0 36.0 5 1 1270 1271 
809 36.0 39.0 24.0 26.0 5 0 1221 1222 
810 21.0 24.0 34.0 36.0 5 0 1170 1171 
811 36.0 39.0 34.0 36.0 5 0 1272 1273 
812 36.0 39.0 26.0 28.0 5 0 1222 1223 
813 21.0 24.0 32.0 34.0 5 0 1171 1172 
814 36.0 39.0 32.0 34.0 5 0 1273 1274 
815 48.0 50.0 10.0 12.0 5 1 1202 1224 1227 1249 1252 
816 10.0 12.0 48.0 50.0 5 1 1151 1173 1176 1198 1201 
817 48.0 50.0 48.0 50.0 5 1 1253 1275 1278 1300 1303 
818 48.0 50.0 12.0 20.0 5 1 1203 1204 1207 1211 1224 1225 
819 10.0 12.0 40.0 48.0 5 1 1152 1153 1156 1160 1173 1174 
820 48.0 50.0 40.0 48.0 5 1 1254 1255 1258 1262 1275 1276 
821 48.0 50.0 20.0 28.0 5 1 1205 1206 1213 1215 1225 1226 
822 10.0 12.0 32.0 40.0 5 1 1154 1155 1162 1164 1174 1175 
823 48.0 50.0 32.0 40.0 5 1 1256 1257 1264 1266 1276 1277 
824 40.0 48.0 10.0 12.0 5 1 1228 1229 1232 1236 1249 1250 
825 12.0 20.0 48.0 50.0 5 1 1177 1178 1181 1185 1198 1199 
826 40.0 48.0 48.0 50.0 5 1 1279 1280 1283 1287 1300 1301 
827 32.0 40.0 10.0 12.0 5 1 1230 1231 1238 1240 1250 1251 
828 20.0 28.0 48.0 50.0 5 1 1179 1180 1187 1189 1199 1200 
829 32.0 40.0 48.0 50.0 5 1 1281 1282 1289 1291 1301 1302 
830 36.0 44.0 16.0 24.0 5 1 1212 1214 1217 1219 1221 1237 1239 1242 1244 1246 
831 16.0 24.0 36.0 44.0 5 1 1161 1163 1166 1168 1170 1186 1188 1191 1193 1195 
832 36.0 44.0 36.0 44.0 5 1 1263 1265 1268 1270 1272 1288 1290 1293 1295 1297 
833 5.0 10.0 28.0 32.0 5 2 1304 1305 
834 28.0 32.0 5.0 10.0 5 2 1306 1307 
835 28.0 32.0 50.0 55.0 5 2 1308 1309 
836 50.0 55.0 28.0 32.0 5 2 1310 1311 
837 10.0 12.0 28.0 32.0 5 1 1124 1175 1305 1312 
838 12.0 24.0 28.0 32.0 5 1 1114 1116 1118 1121 1165 1167 1169 1172 1312 1313 
839 28.0 32.0 10.0 12.0 5 1 1149 1251 1307 1314 
840 28.0 32.0 12.0 24.0 5 1 1139 1141 1143 1146 1241 1243 1245 1248 1314 1315 
841 28.0 32.0 36.0 48.0 5 1 1190 1192 1194 1197 1292 1294 1296 1299 1316 1317 
842 28.0 32.0 48.0 50.0 5 1 1200 1302 1308 1317 
843 36.0 48.0 28.0 32.0 5 1 1216 1218 1220 1223 1267 1269 1271 1274 1318 1319 
844 48.0 50.0 28.0 32.0 5 1 1226 1277 1310 1319 
845 24.0 36.0 24.0 36.0 5 1 1313 1315 1316 1318 
846 0.0 10.0 0.0 10.0 6 0 1370 
847 5.0 10.0 10.0 13.0 6 0 1320 1370 
848 5.0 10.0 13.0 16.0 6 0 1321 
849 5.0 10.0 16.0 20.0 6 0 1322 
850 5.0 10.0 20.0 24.0 6 0 1323 
851 5.0 10.0 24.0 28.0 6 0 1324 
852 10.0 13.0 5.0 10.0 6 0 1345 1370 
853 13.0 16.0 5.0 10.0 6 0 1346 
854 16.0 20.0 5.0 10.0 6 0 1347 
855 20.0 24.0 5.0 10.0 6 0 1348 
856 24.0 28.0 5.0 10.0 6 0 1349 
857 12.0 16.0 12.0 16.0 6 0 1325 1326 1350 1351 
858 16.0 20.0 12.0 16.0 6 0 1326 1327 1354 1355 
859 20.0 24.0 12.0 16.0 6 0 1327 1328 1356 1357 
860 24.0 28.0 12.0 16.0 6 0 1328 1358 1359 
861 12.0 16.0 16.0 20.0 6 0 1329 1330 1351 1352 
862 12.0 16.0 20.0 24.0 6 0 1331 1332 1352 1353 
863 12.0 16.0 24.0 28.0 6 0 1333 1334 1353 
864 24.0 28.0 16.0 20.0 6 0 1360 1361 
865 24.0 28.0 20.0 21.0 6 1 1362 1363 
866 24.0 26.0 21.0 24.0 6 0 1364 1365 
867 26.0 28.0 21.0 24.0 6 0 1365 1366 
868 16.0 20.0 24.0 28.0 6 0 1335 1336 
869 20.0 21.0 24.0 28.0 6 1 1337 1338 
870 21.0 24.0 24.0 26.0 6 0 1339 1340 
871 21.0 24.0 26.0 28.0 6 0 1340 1341 
872 10.0 12.0 10.0 12.0 6 1 1320 1342 1345 1367 1370 
873 10.0 12.0 12.0 20.0 6 1 1321 1322 1325 1329 1342 1343 
874 10.0 12.0 20.0 28.0 6 1 1323 1324 1331 1333 1343 1344 
875 12.0 20.0 10.0 12.0 6 1 1346 1347 1350 1354 1367 1368 
876 20.0 28.0 10.0 12.0 6 1 1348 1349 1356 1358 1368 1369 
877 16.0 24.0 16.0 24.0 6 1 1330 1332 1335 1337 1339 1355 1357 1360 1362 1364 
878 50.0 60.0 0.0 10.0 6 0 1472 
879 0.0 10.0 50.0 60.0 6 0 1421 
880 50.0 60.0 50.0 60.0 6 0 1523 
881 50.0 55.0 10.0 13.0 6 0 1422 1472 
882 5.0 10.0 47.0 50.0 6 0 1371 1421 
883 50.0 55.0 47.0 50.0 6 0 1473 1523 
884 50.0 55.0 13.0 16.0 6 0 1423 
885 5.0 10.0 44.0 47.0 6 0 1372 
886 50.0 55.0 44.0 47.0 6 0 1474 
887 50.0 55.0 16.0 20.0 6 0 1424 
888 5.0 10.0 40.0 44.0 6 0 1373 
889 50.0 55.0 40.0 44.0 6 0 1475 
890 50.0 55.0 20.0 24.0 6 0 1425 
891 5.0 10.0 36.0 40.0 6 0 1374 
892 50.0 55.0 36.0 40.0 6 0 1476 
893 50.0 55.0 24.0 28.0 6 0 1426 
894 5.0 10.0 32.0 36.0 6 0 1375 
895 50.0 55.0 32.0 36.0 6 0 1477 
896 47.0 50.0 5.0 10.0 6 0 1447 1472 
897 10.0 13.0 50.0 55.0 6 0 1396 1421 
898 47.0 50.0 50.0 55.0 6 0 1498 1523 
899 44.0 47.0 5.0 10.0 6 0 1448 
900 13.0 16.0 50.0 55.0 6 0 1397 
901 44.0 47.0 50.0 55.0 6 0 1499 
902 40.0 44.0 5.0 10.0 6 0 1449 
903 16.0 20.0 50.0 55.0 6 0 1398 
904 40.0 44.0 50.0 55.0 6 0 1500 
905 36.0 40.0 5.0 10.0 6 0 1450 
906 20.0 24.0 50.0 55.0 6 0 1399 
907 36.0 40.0 50.0 55.0 6 0 1501 
908 32.0 36.0 5.0 10.0 6 0 1451 
909 24.0 28.0 50.0 55.0 6 0 1400 
910 32.0 36.0 50.0 55.0 6 0 1502 
911 44.0 48.0 12.0 16.0 6 0 1427 1428 1452 1453 
912 12.0 16.0 44.0 48.0 6 0 1376 1377 1401 1402 
913 44.0 48.0 44.0 48.0 6 0 1478 1479 1503 1504 
914 40.0 44.0 12.0 16.0 6 0 1428 1429 1456 1457 
915 16.0 20.0 44.0 48.0 6 0 1377 1378 1405 1406 
916 40.0 44.0 44.0 48.0 6 0 1479 1480 1507 1508 
917 36.0 40.0 12.0 16.0 6 0 1429 1430 1458 1459 
918 20.0 24.0 44.0 48.0 6 0 1378 1379 1407 1408 
919 36.0 40.0 44.0 48.0 6 0 1480 1481 1509 1510 
920 32.0 36.0 12.0 16.0 6 0 1430 1460 1461 
921 24.0 28.0 44.0 48.0 6 0 1379 1409 1410 
922 32.0 36.0 44.0 48.0 6 0 1481 1511 1512 
923 44.0 48.0 16.0 20.0 6 0 1431 1432 1453 1454 
924 12.0 16.0 40.0 44.0 6 0 1380 1381 1402 1403 
925 44.0 48.0 40.0 44.0 6 0 1482 1483 1504 1505 
926 44.0 48.0 20.0 24.0 6 0 1433 1434 1454 1455 
927 12.0 16.0 36.0 40.0 6 0 1382 1383 1403 1404 
928 44.0 48.0 36.0 40.0 6 0 1484 1485 1505 1506 
929 44.0 48.0 24.0 28.0 6 0 1435 1436 1455 
930 12.0 16.0 32.0 36.0 6 0 1384 1385 1404 
931 44.0 48.0 32.0 36.0 6 0 1486 1487 1506 
932 32.0 36.0 16.0 20.0 6 0 1462 1463 
933 24.0 28.0 40.0 44.0 6 0 1411 1412 
934 32.0 36.0 40.0 44.0 6 0 1513 1514 
935 32.0 36.0 20.0 21.0 6 1 1464 1465 
936 24.0 28.0 39.0 40.0 6 1 1413 1414 
937 32.0 36.0 39.0 40.0 6 1 1515 1516 
938 34.0 36.0 21.0 24.0 6 0 1466 1467 
939 24.0 26.0 36.0 39.0 6 0 1415 1416 
940 34.0 36.0 36.0 39.0 6 0 1517 1518 
941 32.0 34.0 21.0 24.0 6 0 1467 1468 
942 26.0 28.0 36.0 39.0 6 0 1416 1417 
943 32.0 34.0 36.0 39.0 6 0 1518 1519 
944 40.0 44.0 24.0 28.0 6 0 1437 1438 
945 16.0 20.0 32.0 36.0 6 0 1386 1387 
946 40.0 44.0 32.0 36.0 6 0 1488 1489 
947 39.0 40.0 24.0 28.0 6 1 1439 1440 
948 20.0 21.0 32.0 36.0 6 1 1388 1389 
949 39.0 40.0 32.0 36.0 6 1 1490 1491 
950 36.0 39.0 24.0 26.0 6 0 1441 1442 
951 21.0 24.0 34.0 36.0 6 0 1390 1391 
952 36.0 39.0 34.0 36.0 6 0 1492 1493 
953 36.0 39.0 26.0 28.0 6 0 1442 1443 
954 21.0 24.0 32.0 34.0 6 0 1391 1392 
955 36.0 39.0 32.0 34.0 6 0 1493 1494 
956 48.0 50.0 10.0 12.0 6 1 1422 1444 1447 1469 1472 
957 10.0 12.0 48.0 50.0 6 1 1371 1393 1396 1418 1421 
958 48.0 50.0 48.0 50.0 6 1 1473 1495 1498 1520 1523 
959 48.0 50.0 12.0 20.0 6 1 1423 1424 1427 1431 1444 1445 
960 10.0 12.0 40.0 48.0 6 1 1372 1373 1376 1380 1393 1394 
961 48.0 50.0 40.0 48.0 6 1 1474 1475 1478 1482 1495 1496 
962 48.0 50.0 20.0 28.0 6 1 1425 1426 1433 1435 1445 1446 
963 10.0 12.0 32.0 40.0 6 1 1374 1375 1382 1384 1394 1395 
964 48.0 50.0 32.0 40.0 6 1 1476 1477 1484 1486 1496 1497 
965 40.0 48.0 10.0 12.0 6 1 1448 1449 1452 1456 1469 1470 
966 12.0 20.0 48.0 50.0 6 1 1397 1398 1401 1405 1418 1419 
967 40.0 48.0 48.0 50.0 6 1 1499 1500 1503 1507 1520 1521 
968 32.0 40.0 10.0 12.0 6 1 1450 1451 1458 1460 1470 1471 
969 20.0 28.0 48.0 50.0 6 1 1399 1400 1407 1409 1419 1420 
970 32.0 40.0 48.0 50.0 6 1 1501 1502 1509 1511 1521 1522 
971 36.0 44.0 16.0 24.0 6 1 1432 1434 1437 1439 1441 1457 1459 1462 1464 1466 
972 16.0 24.0 36.0 44.0 6 1 1381 1383 1386 1388 1390 1406 1408 1411 1413 1415 
973 36.0 44.0 36.0 44.0 6 1 1483 1485 1488 1490 1492 1508 1510 1513 1515 1517 
974 5.0 10.0 28.0 32.0 6 2 1524 1525 
975 28.0 32.0 5.0 10.0 6 2 1526 1527 
976 28.0 32.0 50.0 55.0 6 2 1528 1529 
977 50.0 55.0 28.0 32.0 6 2 1530 1531 
978 10.0 12.0 28.0 32.0 6 1 1344 1395 1525 1532 
979 12.0 24.0 28.0 32.0 6 1 1334 1336 1338 1341 1385 1387 1389 1392 1532 1533 
980 28.0 32.0 10.0 12.0 6 1 1369 1471 1527 1534 
981 28.0 32.0 12.0 24.0 6 1 1359 1361 1363 1366 1461 1463 1465 1468 1534 1535 
982 28.0 32.0 36.0 48.0 6 1 1410 1412 1414 1417 1512 1514 1516 1519 1536 1537 
983 28.0 32.0 48.0 50.0 6 1 1420 1522 1528 1537 
984 36.0 48.0 28.0 32.0 6 1 1436 1438 1440 1443 1487 1489 1491 1494 1538 1539 
985 48.0 50.0 28.0 32.0 6 1 1446 1497 1530 1539 
986 24.0 36.0 24.0 36.0 6 1 1533 1535 1536 1538 
987 0.0 10.0 0.0 10.0 7 0 1590 
988 5.0 10.0 10.0 13.0 7 0 1540 1590 
989 5.0 10.0 13.0 16.0 7 0 1541 
990 5.0 10.0 16.0 20.0 7 0 1542 
991 5.0 10.0 20.0 24.0 7 0 1543 
992 5.0 10.0 24.0 28.0 7 0 1544 
993 10.0 13.0 5.0 10.0 7 0 1565 1590 
994 13.0 16.0 5.0 10.0 7 0 1566 
995 16.0 20.0 5.0 10.0 7 0 1567 
996 20.0 24.0 5.0 10.0 7 0 1568 
997 24.0 28.0 5.0 10.0 7 0 1569 
998 12.0 16.0 12.0 16.0 7 0 1545 1546 1570 1571 
999 16.0 20.0 12.0 16.0 7 0 1546 1547 1574 1575 
1000 20.0 24.0 12.0 16.0 7 0 1547 1548 1576 1577 
1001 24.0 28.0 12.0 16.0 7 0 1548 1578 1579 
1002 12.0 16.0 16.0 20.0 7 0 1549 1550 1571 1572 
1003 12.0 16.0 20.0 24.0 7 0 1551 1552 1572 1573 
1004 12.0 16.0 24.0 28.0 7 0 1553 1554 1573 
1005 24.0 28.0 16.0 20.0 7 0 1580 1581 
1006 24.0 28.0 20.0 21.0 7 1 1582 1583 
1007 24.0 26.0 21.0 24.0 7 0 1584 1585 
1008 26.0 28.0 21.0 24.0 7 0 1585 1586 
1009 16.0 20.0 24.0 28.0 7 0 1555 1556 
1010 20.0 21.0 24.0 28.0 7 1 1557 1558 
1011 21.0 24.0 24.0 26.0 7 0 1559 1560 
1012 21.0 24.0 26.0 28.0 7 0 1560 1561 
1013 10.0 12.0 10.0 12.0 7 1 1540 1562 1565 1587 1590 
1014 10.0 12.0 12.0 20.0 7 1 1541 1542 1545 1549 1562 1563 
1015 10.0 12.0 20.0 28.0 7 1 1543 1544 1551 1553 1563 1564 
1016 12.0 20.0 10.0 12.0 7 1 1566 1567 1570 1574 1587 1588 
1017 20.0 28.0 10.0 12.0 7 1 1568 1569 1576 1578 1588 1589 
1018 16.0 24.0 16.0 24.0 7 1 1550 1552 1555 1557 1559 1575 1577 1580 1582 1584 
1019 50.0 60.0 0.0 10.0 7 0 1692 
1020 0.0 10.0 50.0 60.0 7 0 1641 
1021 50.0 60.0 50.0 60.0 7 0 1743 
1022 50.0 55.0 10.0 13.0 7 0 1642 1692 
1023 5.0 10.0 47.0 50.0 7 0 1591 1641 
1024 50.0 55.0 47.0 50.0 7 0 1693 1743 
1025 50.0 55.0 13.0 16.0 7 0 1643 
1026 5.0 10.0 44.0 47.0 7 0 1592 
1027 50.0 55.0 44.0 47.0 7 0 1694 
1028 50.0 55.0 16.0 20.0 7 0 1644 
1029 5.0 10.0 40.0 44.0 7 0 1593 
1030 50.0 55.0 40.0 44.0 7 0 1695 
1031 50.0 55.0 20.0 24.0 7 0 1645 
1032 5.0 10.0 36.0 40.0 7 0 1594 
1033 50.0 55.0 36.0 40.0 7 0 1696 
1034 50.0 55.0 24.0 28.0 7 0 1646 
1035 5.0 10.0 32.0 36.0 7 0 1595 
1036 50.0 55.0 32.0 36.0 7 0 1697 
1037 47.0 50.0 5.0 10.0 7 0 1667 1692 
1038 10.0 13.0 50.0 55.0 7 0 1616 1641 
1039 47.0 50.0 50.0 55.0 7 0 1718 1743 
1040 44.0 47.0 5.0 10.0 7 0 1668 
1041 13.0 16.0 50.0 55.0 7 0 1617 
1042 44.0 47.0 50.0 55.0 7 0 1719 
1043 40.0 44.0 5.0 10.0 7 0 1669 
1044 16.0 20.0 50.0 55.0 7 0 1618 
1045 40.0 44.0 50.0 55.0 7 0 1720 
1046 36.0 40.0 5.0 10.0 7 0 1670 
1047 20.0 24.0 50.0 55.0 7 0 1619 
1048 36.0 40.0 50.0 55.0 7 0 1721 
1049 32.0 36.0 5.0 10.0 7 0 1671 
1050 24.0 28.0 50.0 55.0 7 0 1620 
1051 32.0 36.0 50.0 55.0 7 0 1722 
1052 44.0 48.0 12.0 16.0 7 0 1647 1648 1672 1673 
1053 12.0 16.0 44.0 48.0 7 0 1596 1597 1621 1622 
1054 44.0 48.0 44.0 48.0 7 0 1698 1699 1723 1724 
1055 40.0 44.0 12.0 16.0 7 0 1648 1649 1676 1677 
1056 16.0 20.0 44.0 48.0 7 0 1597 1598 1625 1626 
1057 40.0 44.0 44.0 48.0 7 0 1699 1700 1727 1728 
1058 36.0 40.0 12.0 16.0 7 0 1649 1650 1678 1679 
1059 20.0 24.0 44.0 48.0 7 0 1598 1599 1627 1628 
1060 36.0 40.0 44.0 48.0 7 0 1700 1701 1729 1730 
1061 32.0 36.0 12.0 16.0 7 0 1650 1680 1681 
1062 24.0 28.0 44.0 48.0 7 0 1599 1629 1630 
1063 32.0 36.0 44.0 48.0 7 0 1701 1731 1732 
1064 44.0 48.0 16.0 20.0 7 0 1651 1652 1673 1674 
1065 12.0 16.0 40.0 44.0 7 0 1600 1601 1622 1623 
1066 44.0 48.0 40.0 44.0 7 0 1702 1703 1724 1725 
1067 44.0 48.0 20.0 24.0 7 0 1653 1654 1674 1675 
1068 12.0 16.0 36.0 40.0 7 0 1602 1603 1623 1624 
1069 44.0 48.0 36.0 40.0 7 0 1704 1705 1725 1726 
1070 44.0 48.0 24.0 28.0 7 0 1655 1656 1675 
1071 12.0 16.0 32.0 36.0 7 0 1604 1605 1624 
1072 44.0 48.0 32.0 36.0 7 0 1706 1707 1726 
1073 32.0 36.0 16.0 20.0 7 0 1682 1683 
1074 24.0 28.0 40.0 44.0 7 0 1631 1632 
1075 32.0 36.0 40.0 44.0 7 0 1733 1734 
1076 32.0 36.0 20.0 21.0 7 1 1684 1685 
1077 24.0 28.0 39.0 40.0 7 1 1633 1634 
1078 32.0 36.0 39.0 40.0 7 1 1735 1736 
1079 34.0 36.0 21.0 24.0 7 0 1686 1687 
1080 24.0 26.0 36.0 39.0 7 0 1635 1636 
1081 34.0 36.0 36.0 39.0 7 0 1737 1738 
1082 32.0 34.0 21.0 24.0 7 0 1687 1688 
1083 26.0 28.0 36.0 39.0 7 0 1636 1637 
1084 32.0 34.0 36.0 39.0 7 0 1738 1739 
1085 40.0 44.0 24.0 28.0 7 0 1657 1658 
1086 16.0 20.0 32.0 36.0 7 0 1606 1607 
1087 40.0 44.0 32.0 36.0 7 0 1708 1709 
1088 39.0 40.0 24.0 28.0 7 1 1659 1660 
1089 20.0 21.0 32.0 36.0 7 1 1608 1609 
1090 39.0 40.0 32.0 36.0 7 1 1710 1711 
1091 36.0 39.0 24.0 26.0 7 0 1661 1662 
1092 21.0 24.0 34.0 36.0 7 0 1610 1611 
1093 36.0 39.0 34.0 36.0 7 0 1712 1713 
1094 36.0 39.0 26.0 28.0 7 0 1662 1663 
1095 21.0 24.0 32.0 34.0 7 0 1611 1612 
1096 36.0 39.0 32.0 34.0 7 0 1713 1714 
1097 48.0 50.0 10.0 12.0 7 1 1642 1664 1667 1689 1692 
1098 10.0 12.0 48.0 50.0 7 1 1591 1613 1616 1638 1641 
1099 48.0 50.0 48.0 50.0 7 1 1693 1715 1718 1740 1743 
1100 48.0 50.0 12.0 20.0 7 1 1643 1644 1647 1651 1664 1665 
1101 10.0 12.0 40.0 48.0 7 1 1592 1593 1596 1600 1613 1614 
1102 48.0 50.0 40.0 48.0 7 1 1694 1695 1698 1702 1715 1716 
1103 48.0 50.0 20.0 28.0 7 1 1645 1646 1653 1655 1665 1666 
1104 10.0 12.0 32.0 40.0 7 1 1594 1595 1602 1604 1614 1615 
1105 48.0 50.0 32.0 40.0 7 1 1696 1697 1704 1706 1716 1717 
1106 40.0 48.0 10.0 12.0 7 1 1668 1669 1672 1676 1689 1690 
1107 12.0 20.0 48.0 50.0 7 1 1617 1618 1621 1625 1638 1639 
1108 40.0 48.0 48.0 50.0 7 1 1719 1720 1723 1727 1740 1741 
1109 32.0 40.0 10.0 12.0 7 1 1670 1671 1678 1680 1690 1691 
1110 20.0 28.0 48.0 50.0 7 1 1619 1620 1627 1629 1639 1640 
1111 32.0 40.0 48.0 50.0 7 1 1721 1722 1729 1731 1741 1742 
1112 36.0 44.0 16.0 24.0 7 1 1652 1654 1657 1659 1661 1677 1679 1682 1684 1686 
1113 16.0 24.0 36.0 44.0 7 1 1601 1603 1606 1608 1610 1626 1628 1631 1633 1635 
1114 36.0 44.0 36.0 44.0 7 1 1703 1705 1708 1710 1712 1728 1730 1733 1735 1737 
1115 5.0 10.0 28.0 32.0 7 2 1744 1745 
1116 28.0 32.0 5.0 10.0 7 2 1746 1747 
1117 28.0 32.0 50.0 55.0 7 2 1748 1749 
1118 50.0 55.0 28.0 32.0 7 2 1750 1751 
1119 10.0 12.0 28.0 32.0 7 1 1564 1615 1745 1752 
1120 12.0 24.0 28.0 32.0 7 1 1554 1556 1558 1561 1605 1607 1609 1612 1752 1753 
1121 28.0 32.0 10.0 12.0 7 1 1589 1691 1747 1754 
1122 28.0 32.0 12.0 24.0 7 1 1579 1581 1583 1586 1681 1683 1685 1688 1754 1755 
1123 28.0 32.0 36.0 48.0 7 1 1630 1632 1634 1637 1732 1734 1736 1739 1756 1757 
1124 28.0 32.0 48.0 50.0 7 1 1640 1742 1748 1757 
1125 36.0 48.0 28.0 32.0 7 1 1656 1658 1660 1663 1707 1709 1711 1714 1758 1759 
1126 48.0 50.0 28.0 32.0 7 1 1666 1717 1750 1759 
1127 24.0 36.0 24.0 36.0 7 1 1753 1755 1756 1758 
1128 0.0 10.0 0.0 10.0 8 0 1810 
1129 5.0 10.0 10.0 13.0 8 0 1760 1810 
1130 5.0 10.0 13.0 16.0 8 0 1761 
1131 5.0 10.0 16.0 20.0 8 0 1762 
1132 5.0 10.0 20.0 24.0 8 0 1763 
1133 5.0 10.0 24.0 28.0 8 0 1764 
1134 10.0 13.0 5.0 10.0 8 0 1785 1810 
1135 13.0 16.0 5.0 10.0 8 0 1786 
1136 16.0 20.0 5.0 10.0 8 0 1787 
1137 20.0 24.0 5.0 10.0 8 0 1788 
1138 24.0 28.0 5.0 10.0 8 0 1789 
1139 12.0 16.0 12.0 16.0 8 0 1765 1766 1790 1791 
1140 16.0 20.0 12.0 16.0 8 0 1766 1767 1794 1795 
1141 20.0 24.0 12.0 16.0 8 0 1767 1768 1796 1797 
1142 24.0 28.0 12.0 16.0 8 0 1768 1798 1799 
1143 12.0 16.0 16.0 20.0 8 0 1769 1770 1791 1792 
1144 12.0 16.0 20.0 24.0 8 0 1771 1772 1792 1793 
1145 12.0 16.0 24.0 28.0 8 0 1773 1774 1793 
1146 24.0 28.0 16.0 20.0 8 0 1800 1801 
1147 24.0 28.0 20.0 21.0 8 1 1802 1803 
1148 24.0 26.0 21.0 24.0 8 0 1804 1805 
1149 26.0 28.0 21.0 24.0 8 0 1805 1806 
1150 16.0 20.0 24.0 28.0 8 0 1775 1776 
1151 20.0 21.0 24.0 28.0 8 1 1777 1778 
1152 21.0 24.0 24.0 26.0 8 0 1779 1780 
1153 21.0 24.0 26.0 28.0 8 0 1780 1781 
1154 10.0 12.0 10.0 12.0 8 1 1760 1782 1785 1807 1810 
1155 10.0 12.0 12.0 20.0 8 1 1761 1762 1765 1769 1782 1783 
1156 10.0 12.0 20.0 28.0 8 1 1763 1764 1771 1773 1783 1784 
1157 12.0 20.0 10.0 12.0 8 1 1786 1787 1790 1794 1807 1808 
1158 20.0 28.0 10.0 12.0 8 1 1788 1789 1796 1798 1808 1809 
1159 16.0 24.0 16.0 24.0 8 1 1770 1772 1775 1777 1779 1795 1797 1800 1802 1804 
1160 50.0 60.0 0.0 10.0 8 0 1912 
1161 0.0 10.0 50.0 60.0 8 0 1861 
1162 50.0 60.0 50.0 60.0 8 0 1963 
1163 50.0 55.0 10.0 13.0 8 0 1862 1912 
1164 5.0 10.0 47.0 50.0 8 0 1811 1861 
1165 50.0 55.0 47.0 50.0 8 0 1913 1963 
1166 50.0 55.0 13.0 16.0 8 0 1863 
1167 5.0 10.0 44.0 47.0 8 0 1812 
1168 50.0 55.0 44.0 47.0 8 0 1914 
1169 50.0 55.0 16.0 20.0 8 0 1864 
1170 5.0 10.0 40.0 44.0 8 0 1813 
1171 50.0 55.0 40.0 44.0 8 0 1915 
1172 50.0 55.0 20.0 24.0 8 0 1865 
1173 5.0 10.0 36.0 40.0 8 0 1814 
1174 50.0 55.0 36.0 40.0 8 0 1916 
1175 50.0 55.0 24.0 28.0 8 0 1866 
1176 5.0 10.0 32.0 36.0 8 0 1815 
1177 50.0 55.0 32.0 36.0 8 0 1917 
1178 47.0 50.0 5.0 10.0 8 0 1887 1912 
1179 10.0 13.0 50.0 55.0 8 0 1836 1861 
1180 47.0 50.0 50.0 55.0 8 0 1938 1963 
1181 44.0 47.0 5.0 10.0 8 0 1888 
1182 13.0 16.0 50.0 55.0 8 0 1837 
1183 44.0 47.0 50.0 55.0 8 0 1939 
1184 40.0 44.0 5.0 10.0 8 0 1889 
1185 16.0 20.0 50.0 55.0 8 0 1838 
1186 40.0 44.0 50.0 55.0 8 0 1940 
1187 36.0 40.0 5.0 10.0 8 0 1890 
1188 20.0 24.0 50.0 55.0 8 0 1839 
1189 36.0 40.0 50.0 55.0 8 0 1941 
1190 32.0 36.0 5.0 10.0 8 0 1891 
1191 24.0 28.0 50.0 55.0 8 0 1840 
1192 32.0 36.0 50.0 55.0 8 0 1942 
1193 44.0 48.0 12.0 16.0 8 0 1867 1868 1892 1893 
1194 12.0 16.0 44.0 48.0 8 0 1816 1817 1841 1842 
1195 44.0 48.0 44.0 48.0 8 0 1918 1919 1943 1944 
1196 40.0 44.0 12.0 16.0 8 0 1868 1869 1896 1897 
1197 16.0 20.0 44.0 48.0 8 0 1817 1818 1845 1846 
1198 40.0 44.0 44.0 48.0 8 0 1919 1920 1947 1948 
1199 36.0 40.0 12.0 16.0 8 0 1869 1870 1898 1899 
1200 20.0 24.0 44.0 48.0 8 0 1818 1819 1847 1848 
1201 36.0 40.0 44.0 48.0 8 0 1920 1921 1949 1950 
1202 32.0 36.0 12.0 16.0 8 0 1870 1900 1901 
1203 24.0 28.0 44.0 48.0 8 0 1819 1849 1850 
1204 32.0 36.0 44.0 48.0 8 0 1921 1951 1952 
1205 44.0 48.0 16.0 20.0 8 0 1871 1872 1893 1894 
1206 12.0 16.0 40.0 44.0 8 0 1820 1821 1842 1843 
1207 44.0 48.0 40.0 44.0 8 0 1922 1923 1944 1945 
1208 44.0 48.0 20.0 24.0 8 0 1873 1874 1894 1895 
1209 12.0 16.0 36.0 40.0 8 0 1822 1823 1843 1844 
1210 44.0 48.0 36.0 40.0 8 0 1924 1925 1945 1946 
1211 44.0 48.0 24.0 28.0 8 0 1875 1876 1895 
1212 12.0 16.0 32.0 36.0 8 0 1824 1825 1844 
1213 44.0 48.0 32.0 36.0 8 0 1926 1927 1946 
1214 32.0 36.0 16.0 20.0 8 0 1902 1903 
1215 24.0 28.0 40.0 44.0 8 0 1851 1852 
1216 32.0 36.0 40.0 44.0 8 0 1953 1954 
1217 32.0 36.0 20.0 21.0 8 1 1904 1905 
1218 24.0 28.0 39.0 40.0 8 1 1853 1854 
1219 32.0 36.0 39.0 40.0 8 1 1955 1956 
1220 34.0 36.0 21.0 24.0 8 0 1906 1907 
1221 24.0 26.0 36.0 39.0 8 0 1855 1856 
1222 34.0 36.0 36.0 39.0 8 0 1957 1958 
1223 32.0 34.0 21.0 24.0 8 0 1907 1908 
1224 26.0 28.0 36.0 39.0 8 0 1856 1857 
1225 32.0 34.0 36.0 39.0 8 0 1958 1959 
1226 40.0 44.0 24.0 28.0 8 0 1877 1878 
1227 16.0 20.0 32.0 36.0 8 0 1826 1827 
1228 40.0 44.0 32.0 36.0 8 0 1928 1929 
1229 39.0 40.0 24.0 28.0 8 1 1879 1880 
1230 20.0 21.0 32.0 36.0 8 1 1828 1829 
1231 39.0 40.0 32.0 36.0 8 1 1930 1931 
1232 36.0 39.0 24.0 26.0 8 0 1881 1882 
1233 21.0 24.0 34.0 36.0 8 0 1830 1831 
1234 36.0 39.0 34.0 36.0 8 0 1932 1933 
1235 36.0 39.0 26.0 28.0 8 0 1882 1883 
1236 21.0 24.0 32.0 34.0 8 0 1831 1832 
1237 36.0 39.0 32.0 34.0 8 0 1933 1934 
1238 48.0 50.0 10.0 12.0 8 1 1862 1884 1887 1909 1912 
1239 10.0 12.0 48.0 50.0 8 1 1811 1833 1836 1858 1861 
1240 48.0 50.0 48.0 50.0 8 1 1913 1935 1938 1960 1963 
1241 48.0 50.0 12.0 20.0 8 1 1863 1864 1867 1871 1884 1885 
1242 10.0 12.0 40.0 48.0 8 1 1812 1813 1816 1820 1833 1834 
1243 48.0 50.0 40.0 48.0 8 1 1914 1915 1918 1922 1935 1936 
1244 48.0 50.0 20.0 28.0 8 1 1865 1866 1873 1875 1885 1886 
1245 10.0 12.0 32.0 40.0 8 1 1814 1815 1822 1824 1834 1835 
1246 48.0 50.0 32.0 40.0 8 1 1916 1917 1924 1926 1936 1937 
1247 40.0 48.0 10.0 12.0 8 1 1888 1889 1892 1896 1909 1910 
1248 12.0 20.0 48.0 50.0 8 1 1837 1838 1841 1845 1858 1859 
1249 40.0 48.0 48.0 50.0 8 1 1939 1940 1943 1947 1960 1961 
1250 32.0 40.0 10.0 12.0 8 1 1890 1891 1898 1900 1910 1911 
1251 20.0 28.0 48.0 50.0 8 1 1839 1840 1847 1849 1859 1860 
1252 32.0 40.0 48.0 50.0 8 1 1941 1942 1949 1951 1961 1962 
1253 36.0 44.0 16.0 24.0 8 1 1872 1874 1877 1879 1881 1897 1899 1902 1904 1906 
1254 16.0 24.0 36.0 44.0 8 1 1821 1823 1826 1828 1830 1846 1848 1851 1853 1855 
1255 36.0 44.0 36.0 44.0 8 1 1923 1925 1928 1930 1932 1948 1950 1953 1955 1957 
1256 5.0 10.0 28.0 32.0 8 2 1964 1965 
1257 28.0 32.0 5.0 10.0 8 2 1966 1967 
1258 28.0 32.0 50.0 55.0 8 2 1968 1969 
1259 50.0 55.0 28.0 32.0 8 2 1970 1971 
1260 10.0 12.0 28.0 32.0 8 1 1784 1835 1965 1972 
1261 12.0 24.0 28.0 32.0 8 1 1774 1776 1778 1781 1825 1827 1829 1832 1972 1973 
1262 28.0 32.0 10.0 12.0 8 1 1809 1911 1967 1974 
1263 28.0 32.0 12.0 24.0 8 1 1799 1801 1803 1806 1901 1903 1905 1908 1974 1975 
1264 28.0 32.0 36.0 48.0 8 1 1850 1852 1854 1857 1952 1954 1956 1959 1976 1977 
1265 28.0 32.0 48.0 50.0 8 1 1860 1962 1968 1977 
1266 36.0 48.0 28.0 32.0 8 1 1876 1878 1880 1883 1927 1929 1931 1934 1978 1979 
1267 48.0 50.0 28.0 32.0 8 1 1886 1937 1970 1979 
1268 24.0 36.0 24.0 36.0 8 1 1973 1975 1976 1978 
1269 0.0 10.0 0.0 10.0 9 0 2030 
1270 5.0 10.0 10.0 13.0 9 0 1980 2030 
1271 5.0 10.0 13.0 16.0 9 0 1981 
1272 5.0 10.0 16.0 20.0 9 0 1982 
1273 5.0 10.0 20.0 24.0 9 0 1983 
1274 5.0 10.0 24.0 28.0 9 0 1984 
1275 10.0 13.0 5.0 10.0 9 0 2005 2030 
1276 13.0 16.0 5.0 10.0 9 0 2006 
1277 16.0 20.0 5.0 10.0 9 0 2007 
1278 20.0 24.0 5.0 10.0 9 0 2008 
1279 24.0 28.0 5.0 10.0 9 0 2009 
1280 12.0 16.0 12.0 16.0 9 0 1985 1986 2010 2011 
1281 16.0 20.0 12.0 16.0 9 0 1986 1987 2014 2015 
1282 20.0 24.0 12.0 16.0 9 0 1987 1988 2016 2017 
1283 24.0 28.0 12.0 16.0 9 0 1988 2018 2019 
1284 12.0 16.0 16.0 20.0 9 0 1989 1990 2011 2012 
1285 12.0 16.0 20.0 24.0 9 0 1991 1992 2012 2013 
1286 12.0 16.0 24.0 28.0 9 0 1993 1994 2013 
1287 24.0 28.0 16.0 20.0 9 0 2020 2021 
1288 24.0 28.0 20.0 21.0 9 1 2022 2023 
1289 24.0 26.0 21.0 24.0 9 0 2024 2025 
1290 26.0 28.0 21.0 24.0 9 0 2025 2026 
1291 16.0 20.0 24.0 28.0 9 0 1995 1996 
1292 20.0 21.0 24.0 28.0 9 1 1997 1998 
1293 21.0 24.0 24.0 26.0 9 0 1999 2000 
1294 21.0 24.0 26.0 28.0 9 0 2000 2001 
1295 10.0 12.0 10.0 12.0 9 1 1980 2002 2005 2027 2030 
1296 10.0 12.0 12.0 20.0 9 1 1981 1982 1985 1989 2002 2003 
1297 10.0 12.0 20.0 28.0 9 1 1983 1984 1991 1993 2003 2004 
1298 12.0 20.0 10.0 12.0 9 1 2006 2007 2010 2014 2027 2028 
1299 20.0 28.0 10.0 12.0 9 1 2008 2009 2016 2018 2028 2029 
1300 16.0 24.0 16.0 24.0 9 1 1990 1992 1995 1997 1999 2015 2017 2020 2022 2024 
1301 50.0 60.0 0.0 10.0 9 0 2132 
1302 0.0 10.0 50.0 60.0 9 0 2081 
1303 50.0 60.0 50.0 60.0 9 0 2183 
1304 50.0 55.0 10.0 13.0 9 0 2082 2132 
1305 5.0 10.0 47.0 50.0 9 0 2031 2081 
1306 50.0 55.0 47.0 50.0 9 0 2133 2183 
1307 50.0 55.0 13.0 16.0 9 0 2083 
1308 5.0 10.0 44.0 47.0 9 0 2032 
1309 50.0 55.0 44.0 47.0 9 0 2134 
1310 50.0 55.0 16.0 20.0 9 0 2084 
1311 5.0 10.0 40.0 44.0 9 0 2033 
1312 50.0 55.0 40.0 44.0 9 0 2135 
1313 50.0 55.0 20.0 24.0 9 0 2085 
1314 5.0 10.0 36.0 40.0 9 0 2034 
1315 50.0 55.0 36.0 40.0 9 0 2136 
1316 50.0 55.0 24.0 28.0 9 0 2086 
1317 5.0 10.0 32.0 36.0 9 0 2035 
1318 50.0 55.0 32.0 36.0 9 0 2137 
1319 47.0 50.0 5.0 10.0 9 0 2107 2132 
1320 10.0 13.0 50.0 55.0 9 0 2056 2081 
1321 47.0 50.0 50.0 55.0 9 0 2158 2183 
1322 44.0 47.0 5.0 10.0 9 0 2108 
1323 13.0 16.0 50.0 55.0 9 0 2057 
1324 44.0 47.0 50.0 55.0 9 0 2159 
1325 40.0 44.0 5.0 10.0 9 0 2109 
1326 16.0 20.0 50.0 55.0 9 0 2058 
1327 40.0 44.0 50.0 55.0 9 0 2160 
1328 36.0 40.0 5.0 10.0 9 0 2110 
1329 20.0 24.0 50.0 55.0 9 0 2059 
1330 36.0 40.0 50.0 55.0 9 0 2161 
1331 32.0 36.0 5.0 10.0 9 0 2111 
1332 24.0 28.0 50.0 55.0 9 0 2060 
1333 32.0 36.0 50.0 55.0 9 0 2162 
1334 44.0 48.0 12.0 16.0 9 0 2087 2088 2112 2113 
1335 12.0 16.0 44.0 48.0 9 0 2036 2037 2061 2062 
1336 44.0 48.0 44.0 48.0 9 0 2138 2139 2163 2164 
1337 40.0 44.0 12.0 16.0 9 0 2088 2089 2116 2117 
1338 16.0 20.0 44.0 48.0 9 0 2037 2038 2065 2066 
1339 40.0 44.0 44.0 48.0 9 0 2139 2140 2167 2168 
1340 36.0 40.0 12.0 16.0 9 0 2089 2090 2118 2119 
1341 20.0 24.0 44.0 48.0 9 0 2038 2039 2067 2068 
1342 36.0 40.0 44.0 48.0 9 0 2140 2141 2169 2170 
1343 32.0 36.0 12.0 16.0 9 0 2090 2120 2121 
1344 24.0 28.0 44.0 48.0 9 0 2039 2069 2070 
1345 32.0 36.0 44.0 48.0 9 0 2141 2171 2172 
1346 44.0 48.0 16.0 20.0 9 0 2091 2092 2113 2114 
1347 12.0 16.0 40.0 44.0 9 0 2040 2041 2062 2063 
1348 44.0 48.0 40.0 44.0 9 0 2142 2143 2164 2165 
1349 44.0 48.0 20.0 24.0 9 0 2093 2094 2114 2115 
1350 12.0 16.0 36.0 40.0 9 0 2042 2043 2063 2064 
1351 44.0 48.0 36.0 40.0 9 0 2144 2145 2165 2166 
1352 44.0 48.0 24.0 28.0 9 0 2095 2096 2115 
1353 12.0 16.0 32.0 36.0 9 0 2044 2045 2064 
1354 44.0 48.0 32.0 36.0 9 0 2146 2147 2166 
1355 32.0 36.0 16.0 20.0 9 0 2122 2123 
1356 24.0 28.0 40.0 44.0 9 0 2071 2072 
1357 32.0 36.0 40.0 44.0 9 0 2173 2174 
1358 32.0 36.0 20.0 21.0 9 1 2124 2125 
1359 24.0 28.0 39.0 40.0 9 1 2073 2074 
1360 32.0 36.0 39.0 40.0 9 1 2175 2176 
1361 34.0 36.0 21.0 24.0 9 0 2126 2127 
1362 24.0 26.0 36.0 39.0 9 0 2075 2076 
1363 34.0 36.0 36.0 39.0 9 0 2177 2178 
1364 32.0 34.0 21.0 24.0 9 0 2127 2128 
1365 26.0 28.0 36.0 39.0 9 0 2076 2077 
1366 32.0 34.0 36.0 39.0 9 0 2178 2179 
1367 40.0 44.0 24.0 28.0 9 0 2097 2098 
1368 16.0 20.0 32.0 36.0 9 0 2046 2047 
1369 40.0 44.0 32.0 36.0 9 0 2148 2149 
1370 39.0 40.0 24.0 28.0 9 1 2099 2100 
1371 20.0 21.0 32.0 36.0 9 1 2048 2049 
1372 39.0 40.0 32.0 36.0 9 1 2150 2151 
1373 36.0 39.0 24.0 26.0 9 0 2101 2102 
1374 21.0 24.0 34.0 36.0 9 0 2050 2051 
1375 36.0 39.0 34.0 36.0 9 0 2152 2153 
1376 36.0 39.0 26.0 28.0 9 0 2102 2103 
1377 21.0 24.0 32.0 34.0 9 0 2051 2052 
1378 36.0 39.0 32.0 34.0 9 0 2153 2154 
1379 48.0 50.0 10.0 12.0 9 1 2082 2104 2107 2129 2132 
1380 10.0 12.0 48.0 50.0 9 1 2031 2053 2056 2078 2081 
1381 48.0 50.0 48.0 50.0 9 1 2133 2155 2158 2180 2183 
1382 48.0 50.0 12.0 20.0 9 1 2083 2084 2087 2091 2104 2105 
1383 10.0 12.0 40.0 48.0 9 1 2032 2033 2036 2040 2053 2054 
1384 48.0 50.0 40.0 48.0 9 1 2134 2135 2138 2142 2155 2156 
1385 48.0 50.0 20.0 28.0 9 1 2085 2086 2093 2095 2105 2106 
1386 10.0 12.0 32.0 40.0 9 1 2034 2035 2042 2044 2054 2055 
1387 48.0 50.0 32.0 40.0 9 1 2136 2137 2144 2146 2156 2157 
1388 40.0 48.0 10.0 12.0 9 1 2108 2109 2112 2116 2129 2130 
1389 12.0 20.0 48.0 50.0 9 1 2057 2058 2061 2065 2078 2079 
1390 40.0 48.0 48.0 50.0 9 1 2159 2160 2163 2167 2180 2181 
1391 32.0 40.0 10.0 12.0 9 1 2110 2111 2118 2120 2130 2131 
1392 20.0 28.0 48.0 50.0 9 1 2059 2060 2067 2069 2079 2080 
1393 32.0 40.0 48.0 50.0 9 1 2161 2162 2169 2171 2181 2182 
1394 36.0 44.0 16.0 24.0 9 1 2092 2094 2097 2099 2101 2117 2119 2122 2124 2126 
1395 16.0 24.0 36.0 44.0 9 1 2041 2043 2046 2048 2050 2066 2068 2071 2073 2075 
1396 36.0 44.0 36.0 44.0 9 1 2143 2145 2148 2150 2152 2168 2170 2173 2175 2177 
1397 5.0 10.0 28.0 32.0 9 2 2184 2185 
1398 28.0 32.0 5.0 10.0 9 2 2186 2187 
1399 28.0 32.0 50.0 55.0 9 2 2188 2189 
1400 50.0 55.0 28.0 32.0 9 2 2190 2191 
1401 10.0 12.0 28.0 32.0 9 1 2004 2055 2185 2192 
1402 12.0 24.0 28.0 32.0 9 1 1994 1996 1998 2001 2045 2047 2049 2052 2192 2193 
1403 28.0 32.0 10.0 12.0 9 1 2029 2131 2187 2194 
1404 28.0 32.0 12.0 24.0 9 1 2019 2021 2023 2026 2121 2123 2125 2128 2194 2195 
1405 28.0 32.0 36.0 48.0 9 1 2070 2072 2074 2077 2172 2174 2176 2179 2196 2197 
1406 28.0 32.0 48.0 50.0 9 1 2080 2182 2188 2197 
1407 36.0 48.0 28.0 32.0 9 1 2096 2098 2100 2103 2147 2149 2151 2154 2198 2199 
1408 48.0 50.0 28.0 32.0 9 1 2106 2157 2190 2199 
1409 24.0 36.0 24.0 36.0 9 1 2193 2195 2196 2198 
